0.6107343248781653
0.634865520073166
0.6583926718808008
0.6812933953706919
0.703545901628249
0.7251290184857736
0.7460222106667269
0.766205599324058
0.785659980953921
0.8043668456668832
0.8223083947991876
0.8394675578472827
0.855828008709586
0.871374181219961
0.8860912839581745
0.8999653143231848
0.9129830718559454
0.925132170798986
0.9364010518808654
0.9467789933142331
0.9562561209970938
0.964823417907536
0.9724727326829734
0.9791967873757746
0.9849891843778705
0.9898444125077686
0.993757852254164
0.9967257801711835
0.9987453724210613
0.9998147074608792
0.9999327678708226
0.9990994413222055
0.9973155206843443
0.9945827032701829
0.9909035892213836
0.9862816790344152
0.9807213702300089
0.9742279531691291
0.966807606019457
0.9584673888771608
0.9492152370495703
0.9390599535051154
0.9280112004977372
0.9160794903737177
0.9032761755697131
0.8896134378114608
0.8751042765234551
0.8597624964606512
0.8436026945739058
0.8266402461217024
0.808891290041331
0.7903727135935049
0.7711021362949497
0.751097893154284
0.730379017227185
0.7089652215073522
0.6868768801705712
0.6641350091896645
0.6407612463388552
0.6167778306064666
0.5922075810356269
0.5670738750130464
0.5414006260266157
0.5152122609128786
0.4885336966160776
0.46139031648094003
0.4338079461016474
0.40581282875006236
0.37743160040651724
0.348691264417025
0.3196191658009013
0.2902429652333001
0.26059061272747913
0.2306903210417069
0.20057053883622133
0.17025992360569794
0.13978731441309156
0.10918170445065535
0.07847221345435534
0.04768805999784223
0.016858533692454863
0
0
0
0
0
0
0
0
0
0
0
0
0
0
0
0
0
0
0
0
0
0
0
0
0
0
0
0
0
0
0
0
0
0
0
0
0
0
0
0
0
0
0
0
0
0
0
0
0
0
0
0
0
0
0
0
0
0
0
0
0
0
0
0
0
0
0
0
0
0
0
0
0
0
0
0
0
0
0
0
0
0
0
0
0
0
0
0
0
0
0
0
0
0
0
0
0
0
0
0
0
0
0.01876948923687762
0.04959705637064496
0.08037743433916313
0.11108133712330605
0.14167955146631142
0.1721429646687893
0.20244259228801284
0.23254960571522107
0.26243535960458353
0.2920714191278623
0.32142958702877583
0.35048193045126375
0.37920080751624924
0.40755889362155034
0.43552920743985785
0.46308513659017125
0.49020046295815994
0.5168493876414377
0.5430065554959147
0.5686470792599975
0.5937465632335858
0.6182811264894066
0.6422274255945095
0.6655626768204165
0.6882646778207362
0.7103118287555749
0.7316831528427461
0.7523583163161389
0.772317647772318
0.7915421568868696
0.8100135524827824
0.8277142599335966
0.8446274378848142
0.8607369942775971
0.8760276016595843
0.8904847117682204
0.9040945693726926
0.916844225361369
0.9287215490622507
0.9397152397846934
0.9498148375714724
0.9590107331509148
0.9672941770796484
0.9746572880672753
0.9810930604750215
0.9865953709812649
0.9911589844075783
0.9947795586997369
0.9974536490589752
0.9991787112195439
0.9999531038694515
0.9997760902120933
0.9986478386672784
0.9965694227109836
0.993542819853997
0.9895709097604112
0.9846574715077665
0.9788071799914392
0.9720256014767144
0.964319188302756
0.9556952727435158
0.9461620600314455
0.9357286205506138
0.9244048812066853
0.9122016159819467
0.8991304356844063
0.8852037769006706
0.8704348901631477
0.8548378273428024
0.8384274282795114
0.8212193066626737
0.8032298351755396
0.7844761299174288
0.7649760341185915
0.7447481011632361
0.7238115769369211
0.7021863815150222
0.6798930902097621
0.6569529139938162
0.6333876793190918
0.6092198073499616
0.5844722926306113
0.5591686812068408
0.5333330482231923
0.5069899750166142
0.48016452572850715
0.4528822234574597
0.42516902597525463
0.3970513010293037
0.36855580125506776
0.33970963872221194
0.31054025913880784
0.2810754157380963
0.25134314287262033
0.2213717293409555
0.19118969147228596
0.16082574599449562
0.13030878271165244
0.09966783701675698
0.06893206226596942
0.038130702040664224
0.007293062323569284
0
0
0
0
0
0
0
0
0
0
0
0
0
0
0
0
0
0
0
0
0
0
0
0
0
0
0
0
0
0
0
0
0
0
0
0
0
0
0
0
0
0
0
0
0
0
0
0
0
0
0
0
0
0
0
0
0
0
0
0
0
0
0
0
0
0
0
0
0
0
0
0
0
0
0
0
0
0
0
0
0
0
0
0
0
0
0
0
0
0
0
0
0
0
0
0
0
0
0
0
0
0
0.02833300471973335
0.05914907362731892
0.08990886509398525
0.12058311268765252
0.15114263136701692
0.18155834524970646
0.21180131527657736
0.24184276674576638
0.27165411669043577
0.3012070010740565
0.3304733017773905
0.3594251733515278
0.38803506951142475
0.4162757693448627
0.4441204032118294
0.4715424783096238
0.49851590387947775
0.5250150160306508
0.5510146021583255
0.5764899249321829
0.6014167458327752
0.6257713482132525
0.6495305598646124
0.6726717750629129
0.6951729760775052
0.7170127541198439
0.738170329712868
0.7586255724616695
0.7783590202065901
0.7973518975404823
0.8155861336726035
0.8330443796220974
0.8497100247246739
0.8655672124368573
0.8806008554227048
0.8947966499086639
0.9081410892929231
0.9206214769962616
0.9322259385422317
0.9429434328551499
0.9527637627651114
0.9616775847101287
0.9696764176260556
0.9767526510158951
0.9828995521908352
0.9881112726760594
0.9923828537752777
0.9957102312886977
0.998090239379902
0.9995206135879846
0.999999992982081
0.9995279214562222
0.9981048481632991
0.9957321270877152
0.9924120157571347
0.9881476730945625
0.9829431564127726
0.9768034175539894
0.9697342981784369
0.9617425242062919
0.9528356994183129
0.9430222982211894
0.932311657584593
0.920713968157478
0.9082402645721963
0.8949024149455767
0.8807131095870177
0.8656858489242379
0.8498349306583338
0.8331754361601705
0.8157232161212173
0.7974948754724183
0.7785077575853665
0.7587799277709608
0.7383301560911765
0.7171778995002188
0.6953432833322114
0.6728470821529601
0.6497106999939019
0.6259561499873023
0.6016060334217662
0.5766835182382519
0.5512123169869477
0.5252166642658754
0.49872129366289236
0.4717514142229347
0.4443326864627747
0.41649119795633377
0.388253438513676
0.35964627497716306
0.3306969256590764
0.30143293444463704
0.27188214458538923
0.2420726722077545
0.21203287956183542
0.18179134803616678
0.15137685096396933
0.12081832624665156
0.09014484882085814
0.059385602995137114
0.028569854682403556
0
0
0
0
0
0
0
0
0
0
0
0
0
0
0
0
0
0
0
0
0
0
0
0
0
0
0
0
0
0
0
0
0
0
0
0
0
0
0
0
0
0
0
0
0
0
0
0
0
0
0
0
0
0
0
0
0
0
0
0
0
0
0
0
0
0
0
0
0
0
0
0
0
0
0
0
0
0
0
0
0
0
0
0
0
0
0
0
0
0
0
0
0
0
0
0
0
0
0
0
0
0
0.007056122537981218
0.03789392740434904
0.06869567805836006
0.09943206814584098
0.13007385349993342
0.16059187996558275
0.19095711113824318
0.22114065599055013
0.2511137963608126
0.28084801427682365
0.31031501908940823
0.33948677438953234
0.3683355246835974
0.39683382180137744
0.42495455101169843
0.4526709568206698
0.47995666842831475
0.5067857248190526
0.533132599462295
0.5589722245997729
0.5842800150961819
0.6090318918308151
0.6332043046076172
0.6567742545620638
0.6797193160434083
0.7020176579516637
0.7236480645087384
0.7445899554442809
0.7648234055767641
0.7843291637712919
0.8030886712561736
0.8210840792806119
0.8382982660969759
0.854714853251268
0.8703182211664349
0.8850935240036008
0.8990267037872037
0.9121045037804147
0.9243144810983186
0.9356450185466871
0.9460853356751553
0.9556254990343265
0.9642564316269236
0.9719699215441385
0.9787586297788418
0.9846160972082952
0.9895367507396801
0.9935159086126388
0.9965497848537224
0.9986354928785719
0.9997710482383545
0.9999553705078705
0.999188284313526
0.9974705195001904
0.9948037104367887
0.991190394461275
0.98663400946648
0.9811388906291333
0.9747102662851397
0.9673542529550939
0.9590778495246925
0.9498889305856487
0.9397962389433968
0.9288093772987613
0.9169387991114246
0.9041957986540139
0.8905925002661169
0.8761418468185833
0.8608575873990395
0.8447542642302591
0.8278471988340077
0.8101524774533159
0.7916869357472378
0.7724681427725316
0.7525143842675994
0.7318446452544421
0.7104785919754162
0.6884365531817029
0.6657395007915271
0.6424090299364378
0.6184673384145276
0.5939372055704021
0.5688419706216754
0.5432055104528934
0.5170522168978273
0.49040697353188856
0.46329513199654343
0.4357424878785685
0.40777525616672855
0.37942004630953796
0.3507038368977164
0.32165394999529157
0.2922980251441022
0.26266399306603677
0.2327800490883758
0.2026746263172943
0.17237636858521224
0.14191410319749623
0.11131681350480482
0.08061361132675453
0.04983370925349404
0.019006392851400978
0
0
0
0
0
0
0
0
0
0
0
0
0
0
0
0
0
0
0
0
0
0
0
0
0
0
0
0
0
0
0
0
0
0
0
0
0
0
0
0
0
0
0
0
0
0
0
0
0
0
0
0
0
0
0
0
0
0
0
0
0
0
0
0
0
0
0
0
0
0
0
0
0
0
0
0
0
0
0
0
0
0
0
0
0
0
0
0
0
0
0
0
0
0
0
0
0
0
0
0
0
0
0.01662162101044882
0.04745138235550493
0.0782359960388631
0.10894617201127992
0.13955269104739765
0.1700264325462902
0.20033840223838467
0.23045975977204328
0.26036184615370145
0.290016211015577
0.319394639684757
0.348469180028034
0.3772121690470706
0.40559625919834347
0.4335944444129504
0.4611800857916508
0.48832693695036766
0.5150091689924237
0.5412013950834178
0.566878694605577
0.5920166368684538
0.6165913043536118
0.6405793154708778
0.6639578468048576
0.6867046548302608
0.7087980970754925
0.7302171527144763
0.7509414425668574
0.7709512484878618
0.7902275321291042
0.8087519530526607
0.8265068861810609
0.8434754385667442
0.8596414654648037
0.8749895856939753
0.8895051962710516
0.9031744863048848
0.9159844501368186
0.9279228997148831
0.9389784761901706
0.9491406607241996
0.9583997844970823
0.9667470379069169
0.9741744789517194
0.9806750407858182
0.9862425384436366
0.9908716747243708
0.9945580452320125
0.99729814256593
0.9990893596579732
0.9999299922529816
0.9998192405302938
0.9987572098647381
0.9967449107263765
0.993784257719087
0.9898780677589193
0.9850300573939297
0.9792448392680694
0.9725279177324901
0.9648856836084052
0.9563254081065603
0.9468552359090106
0.9364841774198689
0.9252221001923394
0.9130797195402464
0.9000685883429017
0.8862010860531516
0.8714904069188939
0.8559505474294222
0.83959629299844
0.8224432038964948
0.8045076004460917
0.7858065474937697
0.7663578381736812
0.7461799769783212
0.72529216215244
0.7037142674267897
0.6814668231093218
0.6585709965515376
0.6350485720088315
0.6109219299138199
0.5862140255825029
0.5609483673733291
0.5351489943202367
0.508840453260612
0.48204777548021216
0.45479645289716303
0.4271124138075631
0.39902199821608253
0.3705519327746527
0.34172930535341917
0.31258153926793625
0.2831363671872822
0.25342180474769077
0.22346612389715703
0.19329782599597048
0.16294561469911006
0.1324383686461675
0.10180511398464077
0.07107499675309156
0.04027725515002126
0.00944119171521626
0
0
0
0
0
0
0
0
0
0
0
0
0
0
0
0
0
0
0
0
0
0
0
0
0
0
0
0
0
0
0
0
0
0
0
0
0
0
0
0
0
0
0
0
0
0
0
0
0
0
0
0
0
0
0
0
0
0
0
0
0
0
0
0
0
0
0
0
0
0
0
0
0
0
0
0
0
0
0
0
0
0
0
0
0
0
0
0
0
0
0
0
0
0
0
0
0
0
0
0
0
0
0.026185598411991223
0.05700449495534744
0.0877691545191562
