0.13519595383957828
0.11862355036329963
0.147257244621741
0.14915666049294773
0.12797817352899277
0.11173816783017526
0.12237489670893292
0.15651689699387383
0.12213746972503209
0.11482471862088622
0.07845090468727745
0.13514846844279815
0.1452153725601938
0.12194752813791138
0.11254541957543812
0.09896459609631003
0.11700904687277391
0.18847456902692694
0.15950847699102438
0.17855012109987184
0.14706730303462034
0.11491968941444652
0.10627734720045595
0.0986321983188489
0.09407360022795269
0.06662704088901555
0.1707625160279242
0.16886310015671746
0.1475896423992022
0.15623198461319276
0.14640250747969802
0.1337239065393931
0.2101753953554637
0.16387713349479988
0.11738893004701528
0.06634212850833454
0.12023805385382536
0.12308717766063543
0.125508932896424
0.1360032055848412
0.11392249608206301
0.10969629576862805
0.0987271691124092
0.102051146887021
0.07868833167117822
0.10518518307451202
0.12641115543524722
0.12004811226670464
0.10893652942014531
0.11981068528280386
0.10238354466448218
0.11824366718905832
0.13757022367858673
0.09986681863513319
0.11962074369568321
0.1429360735147457
0.12702846559338937
0.09036973927909958
0.05532551645533551
0.10518518307451202
0.046730659638125116
0.10831921926200316
0.09886962530274968
0.09217418435674596
0.11924086052144184
0.13695291352044453
0.10732202592961965
0.18932930616896998
0.15646941159709365
0.1040930189485682
0.07052084342498932
0.08253464881037187
0.09013231229519875
0.06638961390511466
0.05295124661632711
0.12755080495797122
0.13381887733295345
0.10247851545804249
0.10656225958113691
0.11055103291067109
0.10561255164553357
0.09886962530274968
0.09103453483402196
0.07384482119960112
0.09678026784442229
0.146117595099017
0.16330730873343785
0.12978261860663914
0.08011289357458329
0.08562119960108283
0.11525208719190766
0.09488085197321561
0.1096013249750677
0.1425087049437242
0.11966822909246333
0.1279306881322126
0.130304957971221
0.1367154865365437
0.1370478843140049
0.13405630431685428
0.16117046587833023
0.17669819062544523
0.16354473571733863
0.16079058270408897
0.12009559766348488
0.10884155862658501
0.15585210143895145
0.23610242199743547
0.2657807949850406
0.12698098019660925
0.14360086906966807
0.13652554494942304
0.14345841287932753
0.12493910813506204
0.11781629861803677
0.13239431542954838
0.141891394785582
0.11586939735004992
0.09526073514745692
0.0878530132497507
0.12869045448069527
0.16610894714346774
0.13747525288502638
0.07830844849693691
0.07052084342498932
0.131444607493945
0.09754003419290497
0.0739872773899416
0.1455002849408748
0.13405630431685428
0.13624063256874197
0.14317350049864658
0.11477723322410599
0.045448553925060586
0.0001000000000000445
0.0681940589827611
0.07735874056133352
0.05817464026214564
0.07194540532839439
0.09592553070237925
0.1126878757657786
0.10371313577432684
0.0728476278672176
0.09654284086052145
0.061261191052856545
0.1075119675167403
0.10010424561903408
0.10233605926770195
0.10665723037469726
0.1115482262430546
0.11648670750819207
0.10390307736144755
0.08908763356603511
0.11582191195326974
0.1079393360877618
0.06111873486251601
0.053188673600228
0.0827720757942727
0.11135828465593389
0.11629676592107141
0.12204249893147173
0.10485278529705089
0.10580249323265428
0.10561255164553357
0.10770190910386096
0.10831921926200316
0.10091149736429689
0.09041722467587981
0.09958190625445223
0.1265536116255877
0.10266845704516314
0.06320809232084346
0.07185043453483403
0.06439522724034763
0.06999850406040747
0.08885020658213422
0.07693137199031203
0.11088343068813222
0.10271594244194332
0.0854787434107423
0.12669606781592818
0.08975242912095743
0.07151803675737284
0.0912719618179228
0.09174681578572447
0.0681940589827611
0.10694214275537828
0.08904014816925493
0.12232741131215275
0.09687523863798264
0.0793531272261006
0.10281091323550362
0.13187197606496653
0.10466284370993018
0.045970893289642434
0.0401301894856817
0.09008482689841862
0.11216553640119675
0.1173414446502351
0.10884155862658501
0.10570752243909387
0.10879407322980483
0.07721628437099304
0.11349512751104152
0.11216553640119675
0.11577442655648956
0.11563197036614903
0.10931641259438668
0.11833863798261862
0.1268860094030489
0.09763500498646532
0.11919337512466166
0.15827385667473998
0.11558448496936885
0.18600532839435818
0.23011926200313437
0.2021978486963955
0.14716227382818065
0.13828250463028924
0.18885445220116825
0.17712555919646678
0.11453980624020516
0.19336556489528428
0.1442656646245904
0.14820695255734434
0.15314543382248186
0.12916530844849694
0.18196906966804394
0.17617585126086338
0.18097187633566036
0.1549973642969084
0.17527362872204022
0.2001559766348483
0.1662988887305884
0.12114027639264857
0.13343899415871208
0.1299725601937598
0.10509021228095172
0.2711941302179798
0.1549973642969084
0.1811143325260009
0.1811143325260009
0.14564274113121528
0.1397070665336943
0.16777093603077364
0.2213819489955834
0.1699552642826614
0.3011099301894856
0.24161072802393502
0.22394616042171256
0.17660321983188493
0.1076069383103006
0.10314331101296481
0.10779687989742132
0.07925815643254025
0.20575925345490814
0.16045818492662778
0.08500388944294057
0.06225838438524012
0.08633348055278534
0.11107337227525294
0.10879407322980483
0.09687523863798264
0.055135574868214854
0.06520247898561049
0.0953082205442371
0.10257348625160284
0.1156794557629292
0.1275033195611911
0.11477723322410599
0.12517653511896282
0.13961209574013395
0.1353384100299188
0.14265116113406473
0.10822424846844281
0.07422470437384249
0.08011289357458329
0.109981208149309
0.11150074084627443
0.14640250747969802
0.07308505485111838
0.14341092748254736
0.17479877475423855
0.1814942157002422
0.15447502493232657
0.11202308021085627
0.0902272830887591
0.09141441800826333
0.11074097449779174
0.10219360307736147
0.07959055421000144
0.052998732013107286
0.06990353326684717
0.08927757515315571
0.0813475138908677
0.09236412594386667
0.08414915230089753
0.10755945291352043
0.11050354751389091
0.2084184356745976
0.13077981193902266
0.04620832027354327
0.056132768200598426
0.08182236785866936
0.109981208149309
0.05712996153298194
0.06130867644963672
0.07636154722895
0.09345629006981054
0.14649747827325832
0.24816371277959826
0.2742331956119105
0.06762423422139907
0.16938543952129936
0.1567068385809945
0.13068484114546236
0.15400017096452484
0.09184178657928482
0.07189791993161421
0.1256513890867645
0.135955720188061
0.0905596808662203
0.14227127795982336
0.10884155862658501
0.1381400484399487
0.12617372845134633
0.10252600085482266
0.08528880182362164
0.07949558341644114
0.10000927482547378
0.14967899985752958
0.09820482974782735
0.07251523008975641
0.06857394215700247
0.07313254024789856
0.06534493517595102
0.07199289072517456
0.11453980624020516
0.08414915230089753
0.08395921071377693
0.11890846274398065
0.07835593389371703
0.09155687419860381
0.11900343353754095
0.10603992021655506
0.07617160564182934
0.1194308021085625
0.1018137199031201
0.18386848553925061
0.1282156005128936
0.06434774184356745
0.08248716341359169
0.08913511896281523
0.0614511326399772
0.07299008405755808
0.06425277105000715
0.08296201738139336
0.11126331386237359
0.0831044735717339
0.08979991451773756
0.09891711069952985
0.09711266562188348
0.10770190910386096
0.14777958398632285
0.11867103576007981
0.13182449066818636
0.09554564752813793
0.07550681008690696
0.08837535261433255
0.08500388944294057
0.07959055421000144
0.1231346630574156
0.11150074084627443
0.14597513890867647
0.06016902692691267
0.0515266847129221
0.0637304316854253
0.08357932753953556
0.1102186351332099
0.13529092463313863
0.12983010400341932
0.036093930759367454
0.04207709075366867
0.01690983046017952
0.03846820059837586
0.058696979626727486
0.0986321983188489
0.13386636272973357
0.10869910243624453
0.12650612622880753
0.12118776178942875
0.08927757515315571
0.09317137768912953
0.1022410884741416
0.10186120529990028
0.10262097164838296
0.11933583131500214
0.13923221256589263
0.09074962245334095
0.05993159994301184
0.09763500498646532
0.1057550078358741
0.12327711924775608
0.1214726741701097
0.12090284940874768
0.17024017666334235
0.11444483544664485
0.043169254879612484
0.0319627012394928
0.10176623450633993
0.1096013249750677
0.10395056275822767
0.10167126371277962
0.08348435674597521
0.0704733580282092
0.09326634848268983
0.030443168542527432
0.09716015101866365
0.09901208149309015
0.09858471292206872
0.08866026499501356
0.08937254594671606
0.1425087049437242
0.09924950847699104
0.18268135061974644
0.13002004559053998
0.1262212138481265
0.10499524148739137
0.0706632996153298
0.07811850690981625
0.14844437954124523
0.1955024077503918
0.1483019233509047
0.04924738566747405
0.07541183929334666
0.13424624590397494
0.15115104715771477
0.11824366718905832
0.09526073514745692
0.15822637127795985
0.29374969368855963
0.15613701381963246
0.13272671320700957
0.08438657928479842
0.07640903262573018
0.08524131642684146
0.09241161134064685
0.10646728878757661
0.13510098304601798
0.11078845989457187
0.07959055421000144
0.06691195326969651
0.08851780880467308
0.13723782590112554
0.1183861233793988
0.05271381963242633
0.07826096310015673
0.04635077646388375
0.16530169539820488
0.10475781450349059
0.12850051289357461
0.124084370993019
0.12712343638694973
0.12840554210001426
0.09431102721185358
0.08073020373272544
0.06914376691836444
0.07892575865507911
0.08073020373272544
0.13999197891437526
0.1377126798689272
0.1312071805100442
0.16368719190767922
0.14535782875053427
0.061261191052856545
0.0942635418150734
0.1310172389229235
0.09079710785012113
0.08182236785866936
0.10694214275537828
0.13438870209431542
0.12660109702236788
0.05537300185211569
0.09388365864083204
0.09388365864083204
0.09378868784727173
0.06971359167972646
0.08880272118535404
0.09749254879612479
0.06624715771477419
0.06914376691836444
0.07593417865792851
0.08348435674597521
0.09203172816640548
0.09355126086337084
0.11615430973073088
0.12888039606781593
0.11245044878187782
0.09554564752813793
0.13885232939165126
0.13039992876478135
0.115062145604787
0.09730260720900413
0.12816811511611342
0.1612179512751104
0.1381400484399487
0.07412973358028213
0.05826961105570594
0.06667452628579573
0.07588669326114833
0.08699827610770766
0.11335267132070093
0.1347210998717766
0.1370003989172247
0.13291665479413023
0.1393746687562331
0.1332965379683716
0.10903150021370567
0.08286704658783306
0.03832574440803538
0.07023593104430831
0.07336996723179945
0.07792856532269554
0.1195257729021228
0.1218050719475709
0.09616295768628014
0.027261646958256225
0.05375849836158997
0.06966610628294628
0.08685581991736718
0.10076904117395641
0.09478588117965525
0.07450961675452344
0.10300085482262433
0.1370478843140049
0.12831057130645396
0.1161068243339507
0.10252600085482266
0.09692272403476282
0.09834728593816783
0.10167126371277962
0.10665723037469726
0.11510963100156718
0.08163242627154865
0.07355990881892005
0.06638961390511466
0.05489814788431402
0.06330306311440381
0.08623850975922498
0.11169068243339508
0.19312813791138345
0.11017114973642972
0.07075827040889016
0.10186120529990028
0.12014308306026505
0.13087478273258302
0.1208553640119675
0.08923008975637559
0.0813475138908677
0.12194752813791138
0.10822424846844281
0.10024670180937456
0.05470820629719336
0.09131944721470292
0.08191733865222972
0.038848083772617226
0.08709324690126802
0.041507265992306586
0.06752926342783877
0.19517000997293066
0.10746448211996013
0.06506002279527001
0.05314118820344782
0.06187850121099875
0.08818541102721189
0.08733067388516885
0.036426328536828645
0.1076069383103006
0.15143595953839578
0.12517653511896282
0.13419876050719476
0.14402823764068962
0.12057045163128655
0.10466284370993018
0.16268999857529565
0.11083594529135204
0.10698962815215846
0.11064600370423139
0.13823501923350906
0.1475896423992022
0.12413185638979912
0.09720763641544383
0.1041879897421285
0.06069136629149452
0.05860200883316713
0.08495640404616045
0.06354049009830459
0.05052949138053853
0.08837535261433255
0.13077981193902266
0.10656225958113691
0.10808179227810227
0.06648458469867508
0.05333112979056848
0.11226050719475711
0.14616508049579713
0.14597513890867647
0.14369583986322843
0.1425087049437242
0.09117699102436244
0.07132809517025224
0.09450096879897424
0.0516216555064824
0.0319627012394928
0.07517441230944583
0.0831994443652942
0.0670544094600371
0.125508932896424
0.07921067103576007
0.11069348910101157
0.08267710500071235
0.0740822481835019
0.08519383103006128
0.0854787434107423
0.08633348055278534
0.10499524148739137
0.10741699672317995
0.06444271263712781
0.06069136629149452
0.05584785581991736
0.10907898561048585
0.11653419290497224
0.1380450776463884
0.1547124519162274
0.06876388374412312
0.09317137768912953
0.0861910243624448
0.11382752528850265
0.09920202308021087
0.0878530132497507
0.09226915515030631
0.11824366718905832
0.135955720188061
0.07925815643254025
0.11738893004701528
0.20253024647385665
0.266445590539963
0.2136893147171962
0.16786590682433394
0.10950635418150734
0.06073885168827475
0.11962074369568321
0.17399152300897563
0.1183861233793988
0.25713845277104996
0.16534918079498506
0.1149671748112267
0.11933583131500214
0.12693349479982907
0.11805372560193761
0.12721840718051003
0.17489374554779885
0.1553297620743696
0.1309222681293632
0.0986321983188489
0.08281956119105288
0.10152880752243915
0.12512904972218264
0.1096013249750677
0.1411791138338795
0.08932506054993589
0.045163641544379574
0.05921931899130928
0.08234470722325121
0.09725512181222401
0.08433909388801825
0.05527803105855539
0.08661839293346635
0.1395171249465736
0.09231664054708655
0.09250658213420715
0.0780235361162559
0.0984897421285083
0.12755080495797122
0.1427936173244052
0.16473187063684286
0.14635502208291779
0.08376926912665628
0.12512904972218264
0.14436063541815075
0.1231346630574156
0.08272459039749253
0.07441464596096309
0.10646728878757661
0.08704576150448784
0.11501466020800688
0.09948693546089188
0.08262961960393217
0.14512040176663343
0.1207603932184072
0.06695943866647674
0.0722303177090754
0.08970494372417726
0.06919125231514461
0.10148132212565897
0.12451173956404049
0.15912859381678301
0.13277419860378975
0.14782706938310303
0.19892135631856395
0.18980416013677165
0.1326792278102294
0.13543338082347917
0.14094168684997865
0.07313254024789856
0.09402611483117257
0.12318214845419578
0.13263174241344922
0.12736086337085056
0.10746448211996013
0.12740834876763074
0.11335267132070093
0.10955383957828757
0.0872357030916085
0.1075119675167403
0.12199501353469161
0.11017114973642972
0.10494775609061124
0.12721840718051003
0.12095033480552786
0.09958190625445223
0.08965745832739708
0.0905596808662203
0.08756810086906969
0.07346493802535975
0.060311483117253206
0.06577230374697252
0.048012765351189646
0.09431102721185358
0.11586939735004992
0.08528880182362164
0.08842283801111267
0.10119640974497796
0.10708459894571876
0.11240296338509759
0.08657090753668617
0.08077768912950561
0.13049489955834165
0.12384694400911811
0.06434774184356745
0.07479452913520446
0.11852857956973928
0.12660109702236788
0.12479665194472145
0.08685581991736718
0.10243103006126231
0.14478800398917224
0.1465449636700385
0.19407784584698684
0.23505774326827178
0.2138792563043168
0.15789397350049872
0.17441889157999718
0.1869075509331814
0.09098704943724178
0.08780552785297052
0.06895382533124378
0.09791991736714634
0.13177700527140623
0.10547009545519309
0.05575288502635706
0.09122447642114262
0.13096975352614332
0.12807314432255307
0.09934447927055134
0.1109309160849124
0.1149671748112267
0.10371313577432684
0.11990565607636416
0.13719034050434536
0.28657939877475425
0.14782706938310303
0.151198532554495
0.11691407607921361
0.0796855250035618
0.06729183644393788
0.08400669611055706
0.1282156005128936
0.13253677161988892
0.06054891010115404
0.13253677161988892
0.130304957971221
0.1360032055848412
0.15205326969653798
0.169290468727739
0.17460883316711784
0.09340880467303037
0.10898401481692549
0.11586939735004992
0.13039992876478135
0.17399152300897563
0.21934007693403623
0.23391809374554784
0.21710826328536836
0.20732627154865368
0.2031475566319989
0.21302451916227383
0.2694846559338937
0.247546402621456
0.18980416013677165
0.14184390938880187
0.12959267701951843
0.1605056703234079
0.2338706083487676
0.19768673600227954
0.2163010115401055
0.13391384812651375
0.18035456617751816
0.19303316711782303
0.17247199031201027
0.20357492520302034
0.23429797691978926
0.1855779598233367
0.22180931756660505
0.16193023222681296
0.1781227525288503
0.21891270836301469
0.25975014959395926
0.2721438381535831
0.23804932326542239
0.23235107565180235
0.27584769910243623
0.25500160991594245
0.27461307878615193
0.3390982476136202
0.32224093175666046
0.28729167972645675
0.3196767203305315
0.31939180794985034
0.4603759509901696
0.29655133209858964
0.33344748539678015
0.2731410314859667
0.23529517025217273
0.21549375979484264
0.2103178515458043
0.24256043595953836
0.19393538965664625
0.21430662487533847
0.25447927055136066
0.22252159851830744
0.22689025502208293
0.2785543667189059
0.29132793845277105
0.2470240632568742
0.29978033907964097
0.290188288930047
0.26188699244906677
0.2580881607066533
0.3175873628722041
0.31573543239777757
0.3016322695540675
0.3047188203447785
0.26625564895284226
0.2312114261290782
0.30813776891295064
0.24640675309873206
0.2569959965807095
0.3254224533409318
0.3568577860094031
0.36749451488816076
0.379983174241345
0.28729167972645675
0.2931323835304175
0.278032027354324
0.20552182647100736
0.23273095882604367
0.4230524291209574
0.8463847414161563
1.0
0.3345871349195042
0.3767066818635133
0.33083578857387086
0.3475506482404901
0.31886946858526855
0.3230481835019233
0.3120790568457046
0.3265146174668757
0.3530114688702095
0.16406707508192048
0.10641980339079643
0.10276342783872344
0.1208553640119675
0.1098862373557487
0.11753138623735576
0.1350534976492378
0.14483548938595242
0.147257244621741
0.10660974497791709
0.1486343211283659
0.1276932611483117
0.12555641829320419
0.10727454053283947
0.08049277674882466
0.0780235361162559
0.10200366149024082
0.0861910243624448
0.0861910243624448
0.029445975210143915
0.08471897706225961
0.18985164553355177
0.14815946716056422
0.11131079925915371
0.14588016811511612
0.10566003704231369
0.3252799971505913
0.08942003134349624
0.07954306881322126
0.11843360877617898
0.07745371135489387
0.044688787576577904
0.07355990881892005
0.10656225958113691
0.05233393645818496
0.09098704943724178
0.11563197036614903
0.16107549508476993
0.12441676877048019
0.14227127795982336
0.17261444650235075
0.1474471862088617
0.11264039036899848
0.1267910386094886
0.053948439948710625
0.16368719190767922
0.1329641401909104
0.09473839578287507
0.09298143610200887
0.10352319418720618
0.086808334520587
0.04706305741558631
0.05774727169112409
0.07674143040319137
0.09659032625730163
0.07821347770337655
0.058032184071805104
0.03832574440803538
0.03870562758227675
0.09093956404046166
0.04297931329249183
0.07579172246758797
0.13956461034335377
0.06420528565322697
0.08353184214275539
0.09744506339934467
0.056845049152300875
0.042599430118250514
0.0937412024504915
0.08148997008120817
0.048820017096452506
0.06691195326969651
0.12332460464453626
0.09041722467587981
0.07455710215130362
0.1506761931899131
0.1682457899985753
0.05257136344208574
0.09074962245334095
0.11207056560763645
0.08272459039749253
0.12489162273828186
0.13932718335945293
0.1096013249750677
0.1242743125801396
0.17109491380538538
0.11990565607636416
0.14193888018236217
0.10029418720615474
0.10257348625160284
0.06406282946288644
0.060928793275395354
0.13353396495227243
0.13761770907536686
0.06401534406610626
0.15485490810656788
0.23890406040746548
0.1722820487248896
0.10176623450633993
0.1161068243339507
0.16031572873628724
0.15385771477418436
0.210507793132925
0.1716647385667474
0.25338710642541673
0.17968977062259583
0.17062005983758372
0.19725936743125805
0.21340440233651525
0.20110568457045164
0.1649692976207437
