0.4246130466122058
0.33444106198942825
0.2970429120615089
0.36463185968284473
0.23401862085535807
0.20607011052378665
0.2185628543969247
0.45120016818837105
0.24971463238827485
0.14640925036040375
0.12887135992311394
0.13175430081691497
0.14000271504084583
0.14809096588178772
0.1524153772224892
0.13399658817876026
0.2008648005766459
0.3347613887554062
0.275260691975012
0.22224661220567044
0.21343762614127837
0.3313178760211438
0.4099580970687169
0.45344245555021623
0.48187145603075454
0.3056116530514177
0.3330796732340222
0.356703772224892
0.381208769822201
0.43742611725132163
0.41540365209034125
0.3788063190773667
0.33972645362806353
0.3026486304661221
0.27453995675156184
0.24739226333493525
0.3314780394041327
0.33348008169149457
0.33420081691494485
0.354861893320519
0.39209987986544925
0.3764038683325326
0.33420081691494485
0.3409276790004806
0.29103678519942344
0.2845501681883711
0.37175913022585305
0.38697465160980304
0.3569440172993754
0.31698325324363297
0.32002635752042297
0.3369235944257568
0.37680427679000483
0.45504408938010565
0.35574279192695824
0.34517200864968767
0.33852522825564635
0.29231809226333494
0.42301141278231635
0.4495985343584815
0.414522753483902
0.3223487265737627
0.2696549735703989
0.24811299855838553
0.30913524747717447
0.3820095867371456
0.42605451705910613
0.46080997116770794
0.400828784238347
0.3820896684286401
0.4013092743873138
0.4871568476693897
0.6451580249879865
0.5570681643440654
0.43854726093224417
0.4510400048053821
0.4705799375300337
0.499008938010572
0.5422530514175876
0.3601472849591544
0.3752026429601154
0.44175052859202313
0.6714248197981738
0.5022922873618454
0.4282167227294571
0.38929702066314287
0.5524234262373859
0.505255309947141
0.47962916866890926
0.49508493512734264
0.49364346468044207
0.442391182123979
0.3879356319077367
0.506296371936569
0.5797312830370016
0.6638170591061989
0.784179841422393
0.8723497837578087
0.7267612686208555
0.5544254685247478
0.3777652570879386
0.4586477654973572
0.5732446660259491
0.731406006727535
0.5791707111965401
0.601273258049015
0.6445173714560308
0.7423771984622778
0.6538869293608842
0.6371498558385391
0.654367419509851
1.0
0.7128270543008168
0.616168452666987
0.7985144641999038
0.634907568476694
0.5806922633349352
0.5427335415665546
0.4827523546371938
0.5607519221528112
0.5566677558865929
0.4797092503604038
0.5685198462277752
0.5309615329168669
0.5051752282556463
0.5620332292167229
0.6036757087938491
0.5836552859202306
0.5320826765977895
0.40323123498318114
0.3601472849591544
0.38040795290725615
0.5461770543008171
0.5741255646323884
0.6138460836136475
0.6453181883709755
0.48467431523306115
0.5213517299375301
0.509339476213359
0.43598464680442106
0.4683376501681885
0.6601333012974531
0.814931210956271
0.6541271744353676
0.6444372897645363
0.6462791686689093
0.6559690533397406
0.6003923594425757
0.5515425276309467
0.5295200624699665
0.5810125901009129
0.534324963959635
0.5460969726093226
0.5791707111965401
0.6002321960595867
0.5279184286400771
0.4908406054781357
0.500210163382989
0.5030130225852956
0.5202305862566075
0.5425733781835658
0.584376021143681
0.5099801297453147
0.5149451946179723
0.5907825564632387
0.5718832772705431
0.4615307063911581
0.39097873618452683
0.4977276309466604
0.47330271504084587
0.4442330610283519
0.4093975252282557
0.35702409899086984
0.4259744353676117
0.49124101393560793
0.5652364968765018
0.611763959634791
0.527277775108121
0.4183666746756368
0.5099801297453147
0.49060036040365207
0.5065366170110523
0.5690804180682365
0.6862399327246518
0.7386133589620376
0.7468617731859684
0.5448957472369054
0.5814129985583856
0.521992383469486
0.38873644882268144
0.5553864488226816
0.45832743873137916
0.3896173474291207
0.4178861845266698
0.4018698462277751
0.4929227294569919
0.621213599231139
0.45624531475252283
0.5161464199903892
0.5501010571840461
0.5518628543969246
0.4745840221047575
0.4520810667948103
0.4298183565593465
0.3269133829889477
0.3880957952907257
0.41644471407976946
0.42285124939932717
0.4391078327727056
0.4794690052859204
0.4829925997116772
0.3269133829889477
0.3881758769822201
0.37207945699183087
0.3170633349351274
0.29023596828447873
0.3772847669389716
0.43109966362325813
0.4239723930802499
0.32579223930802503
0.33291950985103325
0.3718392119173475
0.4685778952426719
0.4139621816434407
0.36743471888515145
0.3175438250840943
0.43085941854877463
0.39642429120615097
0.36471194137433927
0.4556046612205671
0.36495218644882277
0.3619891638635272
0.41596422393080257
0.3604676117251322
0.3281946900528593
0.273899303219606
0.13647912061508893
0.15609913503123507
0.13287544449783772
0.09539721287842384
0.1622654252763095
0.20855264296011544
0.238903604036521
0.25219716482460364
0.2755009370494955
0.35189887073522363
0.4216500240269102
0.33340000000000003
0.2582032916866892
0.22689135031234986
0.22689135031234986
0.32306946179721296
0.2853509851033158
0.23922393080249882
0.1922159778952427
0.2614866410379626
0.2832688611244595
0.28519082172032684
0.1985424315233062
0.2888745795290726
0.3470138875540607
0.3467736424795771
0.36471194137433927
0.44919812590100927
0.5308814512253723
0.24939430562229703
0.28422984142239316
0.2828684526669871
0.23722188851513704
0.2147990148966843
0.20631035559827016
0.20679084574723694
0.25067561268620864
0.25980492551657863
0.2690944017299376
0.28038592023065834
0.23594058145122543
0.24050523786641043
0.23065518981259014
0.1690723690533399
0.26364884670831346
0.287593272465161
0.2822277991350314
0.05952061508889961
0.1251876021143682
0.177721191734743
0.22432873618452676
0.16931261412782328
0.18492854396924563
0.2117559106198943
0.21848277270543015
0.3104966362325806
0.2813469005285921
0.13671936568957244
0.20198594425756855
0.21904334454589147
0.2386633589620376
0.28855425276309477
0.2607659058145123
0.23658123498318118
0.21103517539644412
0.177721191734743
0.1051671792407497
0.07489629985583868
0.1320746275828929
0.1970208793849112
0.16739065353195592
0.11774000480538216
0.16490812109562714
0.13143397405093715
0.15353652090341185
0.24947438731379146
0.23097551657856807
0.20182578087457959
0.17499841422393092
0.1678711436809227
0.15001292647765507
0.1739573522345027
0.23009461797212882
0.20735141758769826
0.18805172993753005
0.1826061749159058
0.21720146564151854
0.20198594425756855
0.1800435607880827
0.15273570398846714
0.08947116770783281
0.0493502402691014
0.037418068236424906
0.06856984622777518
0.18677042287361856
0.20430831331090826
0.19157532436328695
0.07265401249399339
0.1648280394041327
0.18957328207592516
0.16010321960595875
0.2046286400768862
0.16218534358481507
0.12254490629505055
0.1160582892839982
0.1082102835175397
0.128551033157136
0.16538861124459403
0.17932282556463242
0.20246643440653544
0.19541924555502166
0.11782008649687659
0.23089543488707354
0.23698164344065364
0.20855264296011544
0.08066218164344074
0.0825841422393081
0.09595778471888528
0.12718964440173008
0.10612815953868349
0.1366392839980779
0.16650975492551656
0.15497799135031243
0.15714019702066329
0.1412039404132629
0.11013224411340716
0.20703109082172044
0.2135177078327728
0.2117559106198943
0.1952590821720327
0.11661886112445952
0.15473774627582904
0.24002474771744353
0.37984738106679494
0.2612463959634792
0.21880309947140808
0.2906363767419511
0.36743471888515145
0.34485168188370974
0.2990449543488708
0.21575999519461797
0.27253791446419995
0.34813503123498324
0.4597689091782796
0.21872301777991354
0.09435615088899574
0.015876093224411414
0.0754568716963
0.0053053099471409015
0.0037837578087459023
0.03549610764055755
0.10580783277270545
0.0929947621335897
0.10164358481499292
0.16242558865929846
0.14208483901970215
0.13151405574243158
0.12302539644401744
0.11749975973089866
0.17611955790485345
0.2226470206631428
0.26773301297453156
0.18212568476693902
0.14208483901970215
0.13199454589139847
0.26725252282556466
0.21079493032196062
0.1978216962998559
0.21135550216242194
0.2475524267179242
0.24266744353676128
0.2612463959634792
0.3615086737145603
0.27005538202787127
0.2200844065353197
0.18300658337337827
0.23826295050456514
0.19189565112926488
0.2239283277270544
0.3965043728976454
0.32050684766938975
0.25075569437770306
0.18821189332051902
0.1952590821720327
0.3229092984142241
0.3160222729456993
0.18508870735223448
0.2827883709754926
0.2751806102835176
0.24563046612205675
0.15361660259490628
0.057518572801537715
0.05359456991830858
0.09427606919750131
0.29407988947621344
0.2333779673234022
0.19277654973570402
0.1909346708313312
0.2493142239308026
0.243468260451706
0.2193636713118694
0.1835671552138396
0.21976407976934165
0.21103517539644412
0.14432712638154743
0.19862251321480062
0.27005538202787127
0.3110572080730418
0.15681987025468525
0.18677042287361856
0.20206602594906298
0.2104746035559828
0.2785440413262855
0.29255833733781844
0.2970429120615089
0.2800655934646805
0.32731379144642003
0.30296895723209993
0.24963455069678042
0.17764111004324845
0.25812320999519467
0.2950408697741471
0.26973505526189334
0.22641086016338308
0.1972611244593946
0.17499841422393092
0.1978216962998559
0.1906944257568477
0.22000432484382515
0.2899957232099952
0.3314780394041327
0.26717244113407024
0.2152795050456512
0.24290768861124468
0.2061501922152812
0.21904334454589147
0.2579630466122058
0.33219877462758285
0.37143880345987523
0.3726400288322922
0.2871127823161942
0.24234711677078336
0.23754221528111485
0.241946708313311
0.22729175876982233
0.23441902931283043
0.2406654012493994
0.24747234502642967
0.3315581210956272
0.28398959634790977
0.22809257568476704
0.22304742912061515
0.21567991350312354
0.17507849591542535
0.10404603555982705
0.2247291446419991
0.17155490148966857
0.13263519942335422
0.15105398846708318
0.20398798654493044
0.20991403171552148
0.20358757808745798
0.36062777510812116
0.2630081931763576
0.1894131186929362
0.13463724171071612
0.12030261893320526
0.17259596347909667
0.22809257568476704
0.183807400288323
0.12590833733781848
0.13191446419990405
0.19814202306583384
0.3038498558385393
0.3041701826045171
0.2891949062950505
0.2432280153772225
0.16602926477654978
0.11469690052859205
0.06905033637674207
0.09091263815473338
0.08851018740989913
0.07922071119654017
0.051832772705430186
0.12102335415665555
0.10628832292167234
0.07449589139836621
0.14128402210475743
0.22793241230177808
0.23073527150408468
0.12983234022104762
0.15353652090341185
0.16362681403171564
0.17027359442575696
0.16747073522345035
0.15810117731859685
0.140723450264296
0.11445665545410866
0.17611955790485345
0.11397616530514176
0.07866013935607896
0.13471732340221054
0.23169625180201836
0.24771259010091307
0.23353813070639118
0.13848116290245083
0.16947277751081213
0.19581965401249413
0.22176612205670354
0.18885254685247488
0.17123457472369064
0.16522844786160507
0.24258736184526675
0.22448889956751572
0.2076717443536762
0.18781148486304666
0.217601874098991
0.229774291206151
0.22561004324843836
0.15714019702066329
0.18236592984142241
0.17403743392599724
0.14785072080730421
0.1607438731379145
0.17483825084094196
0.17940290725612695
0.16314632388274874
0.16666991830850564
0.16386705910619903
0.1637869774147045
0.23642107160019232
0.1970208793849112
0.165548774627583
0.1348774867851995
0.24739226333493525
0.3084145122537242
0.3373240028832294
0.21183599231138883
0.16763089860643932
0.16234550696780403
0.18252609322441138
0.16995326765977903
0.14480761653051433
0.15249545891398375
0.2667720326765979
0.13151405574243158
0.13111364728495922
0.1826061749159058
0.3170633349351274
0.27021554541086024
0.23225682364247968
0.19822210475732827
0.2061501922152812
0.2343389476213359
0.2562012493993273
0.17539882268140317
0.23706172513214807
0.24058531955790485
0.19101475252282563
0.1264689091782798
0.12662907256126865
0.13727993753003365
0.1713947381066795
0.14432712638154743
0.16290607880826535
0.20703109082172044
0.258523618452667
0.33348008169149457
0.35478181162902456
0.2561211677078328
0.21135550216242194
0.2122364007688612
0.22609053339740515
0.24923414223930807
0.1919757328207593
0.1785220086496877
0.2160803219605959
0.16739065353195592
0.1826061749159058
0.19622006246996637
0.1477706391158098
0.18845213839500252
0.2031070879384912
0.20278676117251326
0.16995326765977903
0.17804151850072092
0.1874110764055743
0.19750136953387798
0.14024296011532922
0.16170485343584817
0.21439860643921205
0.260205333974051
0.2353800096107641
0.2211254685247478
0.22080514175876997
0.08114267179240764
0.1006025228255647
0.14785072080730421
0.1605036280634311
0.17908258049014902
0.176199639596348
0.1524153772224892
0.17211547333012978
0.16923253243632874
0.16626950985103317
0.17083416626621828
0.17611955790485345
0.21768195579048544
0.2833489428159539
0.2249693897164825
0.2833489428159539
0.30152748678519947
0.2277722489187891
0.21111525708793855
0.19670055261893327
0.18164519461797224
0.16058370975492553
0.18148503123498327
0.18420780874579534
0.16474795771263817
0.19886275828928401
0.257162229697261
0.30857467563671315
0.2996055261893321
0.26645170591061995
0.3338804901489668
0.4842739067755888
0.4675368332532437
0.3323589380105718
0.24466948582412307
0.30168765016818844
0.22424865449303222
0.1926964680442096
0.1770004565112927
0.23449911100432497
0.21872301777991354
0.19838226814031723
0.16410730418068242
0.17660004805382035
0.13431691494473819
0.09852039884670838
0.23481943777030279
0.26420941854877467
0.2779834694858242
0.28062616530514184
0.20502904853435855
0.28398959634790977
0.3321186929360884
0.19565949062950516
0.24739226333493525
0.2338584574723691
0.18540903411821252
0.1633064872657377
0.19157532436328695
0.24587071119654025
0.3746420711196542
0.21263680922633366
0.20446847669389723
0.23786254204709278
0.26749276790004817
0.19037409899086988
0.17019351273426242
0.2165608121095628
0.301607568476694
0.2505154493032197
0.1881318116290246
0.16626950985103317
0.13087340221047583
0.13655920230658347
0.171634983181163
0.10124317635752056
0.08875043248438264
0.08602765497357046
0.10524726093224424
0.1492921912542048
0.17515857760691977
0.19638022585295534
0.20078471888515148
0.27790338779432966
0.2878335175396445
0.18404764536280638
0.18556919750120138
0.1500930081691495
0.12062294569918319
0.22713159538683336
0.2397044209514657
0.212556727534839
0.1412039404132629
0.19165540605478149
0.2059099471407978
0.20398798654493044
0.14384663623258054
0.17692037481979817
0.17059392119173478
0.14336614608361375
0.18717083133109091
0.20014406535319562
0.20062455550216252
0.17259596347909667
0.2393840941854879
0.22504947140797704
0.1886923834694859
0.17259596347909667
0.19253630466122063
0.231295843344546
0.30529132628543976
0.17635980297933695
0.18140494954348885
0.20270667948101884
0.21231648246035562
0.1551381547333014
0.10484685247477177
0.04894983181162915
0.22024456991830854
0.21800228255646326
0.23225682364247968
0.32867518020182607
0.49612599711677086
0.4274159058145123
0.26444966362325817
0.17611955790485345
0.17972323402210488
0.1866102594906296
0.2013452907256128
0.24434915905814525
0.24186662662181657
0.22232669389716497
0.12718964440173008
0.14721006727534847
0.15730036040365214
0.16058370975492553
0.2513963479096589
0.32739387313791446
0.36975708793849127
0.2767021624219126
0.254119125420471
0.23529992791926968
0.2158400768861125
0.20406806823642487
0.2406654012493994
0.3010469966362327
0.4330216242191255
0.11445665545410866
0.11085297933685734
0.1878915665545412
0.15633938010571846
0.16474795771263817
0.16763089860643932
0.16402722248918788
0.2538788803459876
0.24266744353676128
0.21696122056703515
0.1861297693416628
0.2871127823161942
0.29287866410379637
0.23345804901489675
0.3041701826045171
0.29896487265737626
0.2675728495915426
0.15505807304180685
0.2582032916866892
0.273899303219606
0.25836345506967806
0.2561211677078328
0.13695961076405583
0.05143236424795783
0.0001000000000000445
0.2084725612686209
0.23393853916386365
0.217601874098991
0.14216492071119657
0.29512095146564166
0.2733387313791448
0.07986136472849603
0.2310555982700625
0.255640677558866
0.26853382988947627
0.28118673714560305
0.21696122056703515
0.2783037962518021
0.41292111965401246
0.20903313310908223
0.2751806102835176
0.2932790725612686
0.19429810187409913
0.2280124939932726
0.2130372176838059
0.18404764536280638
0.16402722248918788
0.229774291206151
0.24811299855838553
0.2104746035559828
0.21728154733301297
0.26493015377222495
0.29584168668909183
0.18348707352234506
0.18212568476693902
0.21135550216242194
0.26797325804901495
0.2574825564632389
0.2968026669870255
0.2863119654012495
0.10412611725132159
0.23722188851513704
0.17780127342623742
0.04334411340701594
0.10140333974050952
0.03605667948101887
0.07009139836617018
0.28879449783757816
0.3021681403171552
0.30761369533877947
0.30961573762614136
0.29207784718885155
0.3173035800096108
0.3233897885631909
0.3129791686689093
0.11998229216722744
0.11774000480538216
0.1287912782316195
0.12550792888034612
0.1214237626141279
0.1312738106679482
0.14969259971167714
0.21111525708793855
0.156419461797213
0.13607871215761658
0.19646030754444987
0.4033913983661701
0.30913524747717447
0.1422450024026911
0.2813469005285921
0.217601874098991
0.17996347909658827
0.16514836617011064
0.2654907256126863
0.30881492071119665
0.3242706871696299
0.21031444017299383
0.22889339259971175
0.22096530514175883
0.1926964680442096
0.2970429120615089
0.22400840941854883
0.1810846227775108
0.2528378183565594
0.3949828207592504
0.3967446179721288
0.3462130706391159
0.3492561749159059
0.2815871456030755
0.3056917347429121
0.4990890197020664
0.3790465641518501
0.2533983901970207
0.14032304180682376
0.2011050456511293
0.24891381547333014
0.26717244113407024
0.2619671311869295
0.5042943296492072
0.42229067755886596
0.3064124699663624
0.14761047573282082
0.24643128303700146
0.27606150888995684
0.2739793849111005
0.18412772705430092
0.16779106198942828
0.17411751561749167
0.23497960115329175
0.28086641037962523
0.25395896203748203
0.2188831811629025
0.4258943536761173
0.2992851994233542
0.23906376741950985
0.2477926717924076
0.14488769822200875
0.14889178279673243
0.20126520903411826
0.47506451225372426
0.3119381066794811
0.42173010571840475
0.7480629985583855
0.37784533877943305
0.28238796251802023
0.23906376741950985
0.3125787602114368
0.2779834694858242
0.22865314752522825
0.1665898366170112
0.0053053099471409015
0.22136571359923118
0.356223282075925
0.3856132628543969
0.3157820278712158
0.28398959634790977
0.2528378183565594
0.16210526189332064
0.17355694377703035
0.18645009610764063
0.20398798654493044
0.11269485824123027
0.20278676117251326
0.26853382988947627
0.16146460836136478
0.17387727054300828
0.25203700144161467
0.37600345987506
0.14232508409418554
0.15377676597789536
0.16466787602114374
0.170113431042768
0.1833269101393561
0.2158400768861125
0.2638090100913023
0.44967861604997605
0.4234118212397886
0.3589460595867372
0.2254498798654493
0.19694079769341666
0.2308153531955791
0.27045579048534363
0.2924782556463239
0.33820490148966853
0.33139795771263825
0.2856713118692936
0.2998457712638156
0.3378845747236906
0.35454156655454117
0.3012872417107161
0.26853382988947627
0.2701354637193658
0.2832688611244595
0.19565949062950516
0.33011665064872664
0.37360100913022587
0.26693219605958685
0.29103678519942344
0.3203466842864008
0.34693380586256606
0.3269133829889477
0.2554004324843826
0.21928358962037486
0.20831239788563194
0.34365045651129267
0.341167924074964
0.31698325324363297
0.24707193656895732
0.20967378664103808
0.2442690773666507
0.32178815473330136
0.29359939932724655
0.2930388274867852
0.28983555982700626
0.2783037962518021
0.3465333974050937
0.3685558625660741
0.36134851033157134
0.0465473810667949
0.3277942815953869
0.40979793368572803
0.2533983901970207
