0.32369027924528315
0.23373701132075486
0.13910496603773603
0.16612113207547186
0.1837797433962266
0.2034004226415096
0.3373492905660379
0.20800373584905685
0.03345515471698124
0.16468731320754737
0.1628007094339624
0.14544395471698124
0.13238865660377375
0.12084264150943413
0.10491970566037756
0.1317094792452832
0.15480150943396243
0.18853398490566053
0.19464658113207567
0.2632434943396228
0.39387193962264166
0.386702845283019
0.3396132150943397
0.2411324981132077
0.20506063396226437
0.24799973584905677
0.37334569056603784
0.21992707169811332
0.18408160000000018
0.20415506415094364
0.3387831094339625
0.31689850566037747
0.11322076226415112
0.15163201509433977
0.16612113207547186
0.16755495094339634
0.21313529811320764
0.2551688301886794
0.35123469433962284
0.19072244528301907
0.1292191622641511
0.19351461886792476
0.23381247547169826
0.2347935094339625
0.11722036226415111
0.06809320000000019
0.04877437735849066
0.1148055094339624
0.19125069433962283
0.22875637735849075
0.12099356981132092
0.16106503396226435
0.20309856603773602
0.3788545735849058
0.22347388679245295
0.11073044528301901
0.2919953358490568
0.2931272981132077
0.2926745132075472
0.23758568301886807
0.20943755471698122
0.1825723169811322
0.0900532679245285
0.10416506415094351
0.11903150188679268
0.1538204754716982
0.18808120000000017
0.2267943094339624
0.26497916981132086
0.20913569811320765
0.13502990188679265
0.10673084528301902
0.22181367547169828
0.3878348075471699
0.22769987924528312
0.15593347169811334
0.07073444528301898
0.139482286792453
0.13480350943396235
0.10997580377358507
0.14129342641509446
0.15834832452830205
0.1810630339622643
0.11654118490566046
0.10733455849056617
0.11623932830188699
0.11556015094339633
0.10612713207547186
0.08363881509433979
0.17796900377358504
0.1758560075471699
0.09737329056603783
0.1343507245283021
0.15608440000000012
0.18649645283018879
0.14423652830188693
0.13359608301886805
0.1511792301886794
0.2840716000000002
0.3085974490566039
0.18211953207547193
0.2203798566037738
0.2581119320754718
0.35493243773584915
0.26090410566037747
0.2268697735849058
0.3143327245283021
0.2946365811320757
0.2764497207547172
0.22694523773584918
0.2254359547169813
0.21200333584905673
0.09556215094339637
0.10378774339622665
0.11495643773584918
0.18385520754717
0.13918043018867943
0.10552341886792471
0.13208680000000017
0.16257431698113223
0.1875529509433964
0.13103030188679254
0.1538204754716982
0.17555415094339644
0.10280670943396242
0.149971803773585
0.19970267924528318
0.17630879245283038
0.15532975849056618
0.1317094792452832
0.17306383396226432
0.17495043773584917
0.1746485811320756
0.19774061132075482
0.17276197735849075
0.13487897358490575
0.13661464905660392
0.13080390943396236
0.12144635471698129
0.15691450566037746
0.11291890566037754
0.027719879245283185
0.10001453584905684
0.11948428679245293
0.1329923698113209
0.1302001962264152
0.12582327547169836
0.11752221886792469
0.16242338867924544
0.16008400000000023
0.1279362716981134
0.14657591698113226
0.14257631698113227
0.11706943396226432
0.12786080754717
0.17117723018867936
0.29524029433962273
0.2946365811320757
0.2700352679245285
0.18287417358490587
0.21004126792452849
0.20747548679245298
0.15034912452830207
0.06605566792452844
0.039945071698113344
0.10416506415094351
0.07262104905660394
0.05549068679245295
0.05118923018867938
0.1406897132075473
0.1877038792452832
0.1538204754716982
0.1277853433962266
0.11027766037735864
0.103108566037736
0.12620059622641522
0.14363281509433978
0.15721636226415114
0.10771187924528325
0.07111176603773606
0.11488097358490579
0.09216626415094353
0.0731492981132077
0.10537249056603792
0.11239065660377379
0.11910696603773607
0.14182167547169833
0.16476277735849076
0.1888358415094341
0.12446492075471716
0.11880510943396239
0.11412633207547185
0.10076917735849078
0.09759968301886801
0.09435472452830207
0.10854198490566058
0.11925789433962286
0.13276597735849072
0.12408760000000019
0.1368410415094341
0.15819739622641527
0.053528618867924704
0.049604483018868106
0.06831959245283037
0.1877793433962266
0.18657191698113218
0.14438745660377372
0.20883384150943418
0.174724045283019
0.07231919245283036
0.17049805283018882
0.18808120000000017
0.17291290566037743
0.2097394113207549
0.20694723773584922
0.1705735169811322
0.09586400754716995
0.06296163773584917
0.03587000754716996
0.10393867169811344
0.12748348679245303
0.12242738867924541
0.10348588679245296
0.1305775169811323
0.27561961509433974
0.24067971320754733
0.2214363547169813
0.20702270188679261
0.1695170188679247
0.15004726792452838
0.15050005283018886
0.14619859622641518
0.157593683018868
0.25886657358490583
0.18528902641509448
0.13880310943396246
0.14551941886792463
0.17661064905660395
0.1954012226415096
0.15321676226415115
0.15004726792452838
0.14582127547169832
0.11163601509433985
0.1292191622641511
0.14514209811320766
0.1706489811320756
0.1472550943396228
0.12491770566037752
0.16597020377358507
0.191477086792453
0.21826686037735865
0.16355535094339635
0.16619659622641525
0.1708753735849058
0.16891330566037754
0.13389793962264163
0.08914769811320766
0.09767514716981152
0.1928354415094341
0.32655791698113223
0.30052278490566064
0.31478550943396244
0.3415752830188682
0.2538859396226417
0.25969667924528317
0.29116523018867935
0.22762441509433973
0.17412033207547184
0.09178894339622656
0.10439145660377369
0.10288217358490581
0.0939019396226417
0.14899076981132087
0.18966594716981144
0.25592347169811336
0.1889113056603775
0.16438545660377368
0.14906623396226426
0.19841978867924548
0.2239266716981133
0.25350861886792464
0.13789753962264162
0.10446692075471709
0.13661464905660392
0.2177386113207549
0.22573781132075488
0.11925789433962286
0.1341997962264153
0.1433309584905662
0.15404686792452849
0.1265779169811323
0.10967394716981149
0.09412833207547189
0.12974741132075485
0.15102830188679262
0.15608440000000012
0.08197860377358512
0.03458711698113226
0.036020935849056746
0.11359808301886809
0.17487497358490578
0.25456511698113227
0.20370227924528317
0.16453638490566047
0.18023292830188697
0.15857471698113224
0.13767114716981144
0.048623449056603985
0.12197460377358504
0.19200533584905677
0.11684304150943414
0.059943071698113415
0.00010000000000015552
0.09458111698113225
0.11178694339622652
0.1290682339622643
0.07035712452830212
0.05926389433962276
0.048849841509434055
0.08182767547169834
0.09080790943396244
0.09971267924528315
0.13970867924528318
0.10439145660377369
0.04213353207547188
0.08514809811320767
0.08861944905660402
0.08416706415094355
0.15487697358490582
0.1862700603773586
0.22354935094339634
0.21668211320754738
0.18702470188679265
0.12597420377358504
0.13095483773584915
0.10356135094339636
0.03420979622641529
0.10967394716981149
0.12076717735849074
0.0926190490566039
0.11684304150943414
0.11767314716981148
0.09593947169811334
0.10371227924528315
0.12016346415094359
0.16891330566037754
0.17147908679245305
0.16740402264150955
0.14612313207547178
0.1382748603773587
0.14657591698113226
0.20498516981132098
0.18144035471698128
0.16589473962264167
0.14672684528301905
0.1588765735849058
0.16657391698113222
0.17102630188679258
0.08461984905660391
0.041680747169811516
0.15925389433962278
0.15834832452830205
0.15842378867924545
0.16785680754717003
0.20249485283018875
0.23139762264150954
0.2646773132075473
0.24694323773584925
0.23102030188679268
0.2098903396226417
0.23252958490566056
0.2541877962264152
0.2879202716981133
0.2934291547169813
0.29916443018867944
0.24301910188679265
0.26777134339622655
0.2981833962264152
0.16747948679245295
0.16129142641509453
0.16212153207547186
0.18294963773584927
0.20113649811320777
0.22460584905660386
0.3143327245283021
0.2633944226415096
0.1680832000000001
0.2200025358490567
0.2411324981132077
0.26528102641509455
0.2151728301886794
0.19306183396226428
0.16702670188679258
0.1786481811320756
0.21426726037735866
0.28610913207547184
0.19834432452830209
0.1901941962264152
0.22204006792452846
0.19079790943396246
0.16868691320754736
0.13238865660377375
0.14031239245283034
0.15472604528301903
0.1917034792452832
0.12340842264150953
0.09865618113207564
0.09986360754716994
0.15170747924528316
0.17525229433962286
0.18347788679245292
0.20038185660377383
0.20785280754716995
0.20619259622641528
0.23494443773584917
0.2603003924528303
0.3218036754716983
0.2812794264150945
0.24988633962264173
0.19230719245283034
0.24135889056603788
0.2633189584905662
0.17389393962264166
0.14838705660377371
0.1381239320754719
0.23886857358490576
0.1771388981132077
0.13103030188679254
0.17895003773584917
0.24203806792452842
0.29380647547169825
0.17412033207547184
0.215097366037736
0.2541877962264152
0.2764497207547172
0.2164557207547172
0.15314129811320765
0.2802983924528303
0.2866373811320756
0.2902596603773586
0.26656391698113224
0.2659602037735851
0.2667903094339624
0.2733556905660379
0.3242939924528303
0.3956830792452831
0.3372738264150945
0.4260196679245284
0.5752122943396227
0.5270661660377358
0.47605240000000015
0.39900350188679257
0.40979487547169824
0.4336415471698114
0.47620332830188694
1.0
0.960532249056604
0.6406397132075472
0.53582000754717
0.4737884754716982
0.385193562264151
0.47326022641509446
0.48261778113207554
0.4399805358490567
0.44337642264150945
0.4325095849056605
0.39530575849056626
0.4664684528301889
0.4848062415094342
0.456809041509434
0.4060971320754718
0.4106249811320757
0.5167275773584907
0.6320368000000001
0.63181040754717
0.3676104150943398
0.38504263396226424
0.3817976754716983
0.30927662641509446
0.4087383773584907
0.47341115471698125
0.5252550264150944
0.45431872452830213
0.4155301509433963
0.4793728226415096
0.4325095849056605
0.4051160981132076
0.48110849811320766
0.5131052981132076
0.5343107245283021
0.45522429433962275
0.5456303471698116
0.6204153207547172
0.4712226943396228
0.5955121509433963
0.7142172603773584
0.41213426415094356
0.4663175245283021
0.5236702792452832
0.6301501962264151
0.5561198641509437
0.46699670188679265
0.41741675471698125
0.4573372905660379
0.5118978716981134
0.4491116981132076
0.5059362037735852
0.5936255471698115
0.526688845283019
0.5097848754716983
0.494692045283019
0.47212826415094344
0.48397613584905674
0.509935803773585
0.48118396226415105
0.49454111698113223
0.529933803773585
0.46412906415094357
0.4585447169811322
0.47597693584905676
0.3878348075471699
0.4165111849056605
0.5379330037735852
0.5171803622641511
0.5010310339622642
0.4729583698113209
0.42632152452830196
0.44609313207547185
0.5549124377358492
0.5203498566037736
0.48646645283018886
0.41092683773584915
0.49921989433962277
0.5112186943396227
0.40858744905660394
0.5530258339622645
0.6077373433962265
0.5460076679245285
0.5029931018867927
0.48125942641509445
0.4846553132075474
0.4595257509433963
0.45492243773584917
0.5277453433962265
0.5940783320754719
0.6260751320754718
0.5266133811320757
0.4574882188679247
0.4171148981132077
0.5286509132075474
0.5850226339622644
0.6171703622641511
0.37432672452830207
0.4571108981132078
0.5303865886792456
0.5967950415094341
0.5096339471698115
0.42639698867924536
0.45009273207547185
0.4782408603773586
0.50782280754717
0.5100112679245284
0.5496299471698114
0.5955876150943398
0.7837197433962266
0.7622879245283021
0.7222164603773586
0.5092566264150945
0.46035585660377376
0.41515283018867943
0.43952775094339636
0.4608841056603775
0.49023966037735855
0.506313524528302
0.5213308905660379
0.5435173509433964
0.6043414566037737
0.6198870716981133
0.629697411320755
0.4965031849056605
0.45499790188679257
0.4245858490566039
0.5083510566037737
0.5046533132075474
0.44609313207547185
0.4717509433962266
0.5077473433962266
0.5866073811320758
0.5592138943396228
0.5232929584905661
0.4388485735849059
0.4237557433962267
0.41771861132075494
0.41590747169811326
0.4322077283018869
0.42035985660377373
0.3429336377358492
0.4586956452830191
0.49559761509433975
0.41183240754717
0.39115523018867937
0.39130615849056616
0.45529975849056614
0.3817222113207549
0.35229119245283036
0.4479797358490568
0.40707816603773606
0.3910043018867926
0.48646645283018886
0.43703743396226424
0.3932682264150945
0.28044932075471707
0.36406360000000004
0.4285099849056606
0.4027767094339625
0.38753295094339646
0.37085537358490583
0.2255868830188681
0.2932782264150945
0.357951003773585
0.45545068679245293
0.3843634566037738
0.30927662641509446
0.3983997886792454
0.40587073962264164
0.4119833358490568
0.4233784226415095
0.38602366792452847
0.3374247547169813
0.4639026716981134
0.3977960754716984
0.28965594716981136
0.3636108150943398
0.3893440905660379
0.4171148981132077
0.34429199245283026
0.35002726792452843
0.3778735396226416
0.27667611320754737
0.28082664150943415
0.3227847094339624
0.3350099018867926
0.34338642264150965
0.3559889358490568
0.23403886792452844
0.22649245283018882
0.28044932075471707
0.31040858867924537
0.3101067320754719
0.28588273962264166
0.3281426641509436
0.3221809962264153
0.26097956981132087
0.3112386943396228
0.3125215849056604
0.25071644528301906
0.2967495773584907
0.3124461207547171
0.298334324528302
0.33433072452830204
0.3957585433962265
0.6148309735849058
0.5744576528301888
0.5183877886792454
0.31176694339622657
0.6277353433962267
0.7788145735849059
0.5463849886792453
0.4881266641509435
0.4313021584905663
0.24830159245283034
0.22981287547169826
0.22468131320754725
0.32768987924528314
0.2995417509433964
0.27426126037735854
0.21283344150943417
0.21932335849056617
0.2200780000000001
0.01798500377358514
0.06975341132075485
0.11925789433962286
0.20513609811320777
0.21585200754716993
0.22709616603773608
0.15344315471698133
0.149971803773585
0.14823612830188693
0.17276197735849075
0.17178094339622663
0.16883784150943415
0.20030639245283033
0.20551341886792462
0.20936209056603783
0.2165311849056606
0.22588873962264167
0.23947228679245303
0.3026357811320757
0.30920116226415106
0.3051260981132078
0.26090410566037747
0.2685259849056605
0.2981079320754718
0.2735820830188681
0.268224128301887
0.26777134339622655
0.2837697433962266
0.27690250566037755
0.25086737358490585
0.2622624603773587
0.2567535773584908
0.23275597735849074
0.16853598490566057
0.1706489811320756
0.24211353207547182
0.23917043018867945
0.2476978792452832
0.28210953207547174
0.26784680754716994
0.2555461509433964
0.2293600905660379
0.2500372679245285
0.2669412377358492
0.3026357811320757
0.28724109433962286
0.31184240754716996
0.5035213509433963
0.27297836981132084
0.1484625207547171
0.21449365283018884
0.16046132075471709
0.13744475471698125
0.24671684528301896
0.21049405283018885
0.1874020226415095
0.2215118188679247
0.2682995924528303
0.2993908226415096
0.18559088301886806
0.28067571320754736
0.3635353509433964
0.3872310943396229
0.36428999245283045
0.3424053886792454
0.22505863396226433
0.23600093584905668
0.2476224150943398
0.2473960226415095
0.2577346113207549
0.2697334113207549
0.26120596226415116
0.2553952226415096
0.24845252075471713
0.2734311547169813
0.3192378943396228
0.38134489056603793
0.3413488905660378
0.30701270188679264
0.25992307169811335
0.24799973584905677
0.2530558339622643
0.26482824150943407
0.16393267169811343
0.19615586415094355
0.29229719245283026
0.2660356679245285
0.2252850264150945
0.1487643773584908
0.2996926792452832
0.3242185283018869
0.2945611169811323
0.25101830188679264
0.23403886792452844
0.2214363547169813
0.19525029433962282
0.18830759245283035
0.1929863698113209
0.37093083773584923
0.39183440754717
0.23222772830188687
0.22573781132075488
0.20815466415094352
0.1460476679245285
0.1760069358490568
0.17932735849056625
0.12733255849056624
0.18536449056603788
0.21804046792452847
0.23275597735849074
0.2188705735849058
0.21019219622641516
0.20528702641509444
0.21577654339622654
0.21170147924528315
0.11020219622641525
0.1356336150943398
0.15615986415094352
0.18747748679245302
0.13638825660377374
0.09895803773584921
0.15314129811320765
0.1472550943396228
0.1432554943396228
0.18959048301886805
0.17359208301886808
0.15827286037735866
0.07586600754716999
0.11397540377358506
0.15427326037735867
0.1369919698113209
0.10718363018867938
0.0731492981132077
0.12227646037735862
0.14099156981132088
0.1617442113207549
0.09427926037735868
0.11706943396226432
0.15714089811320775
0.1459722037735851
0.14763241509433978
0.15216026415094352
0.1341243320754718
0.09088337358490584
0.019947071698113383
0.09956175094339637
0.09993907169811345
0.07405486792452842
0.0901287320754719
0.10001453584905684
0.11420179622641524
0.12137089056603789
0.1199370716981134
0.1120888000000001
0.16974341132075488
0.16838505660377368
0.1200125358490568
0.10710816603773599
0.11601293584905681
0.15691450566037746
0.11450365283018882
0.08092210566037761
0.016626649056603937
0.055641615094339736
0.06492370566037753
0.036020935849056746
0.10529702641509453
0.13638825660377374
0.13072844528301908
0.13389793962264163
0.12687977358490587
0.07601693584905678
0.08575181132075493
0.08861944905660402
0.06854598490566055
0.08929862641509456
0.09616586415094364
0.0353417584905662
0.05367954716981149
0.06552741886792468
0.05081190943396241
0.0771488981132078
0.10590073962264168
0.26920516226415114
0.2149464377358492
0.16634752452830204
0.10220299622641527
0.09307183396226426
0.08431799245283034
0.10167474716981151
0.13223772830188696
0.16446092075471708
0.16732855849056616
0.19902350188679263
0.2357745433962266
0.1901941962264152
0.1328414415094341
0.06235792452830202
0.06250885283018881
0.11540922264150966
0.19057151698113228
0.12604966792452843
0.12680430943396248
0.13895403773584925
0.0939019396226417
0.10454238490566059
0.1341243320754718
0.2347180452830191
0.21985160754716992
0.15729182641509454
0.1316340150943398
0.10348588679245296
0.05405686792452846
0.2799965358490567
0.29788153962264163
0.20755095094339637
0.12408760000000019
0.10242938867924545
0.10786280754716993
0.08907223396226427
0.10733455849056617
0.18325149433962284
0.10159928301886811
0.07722436226415108
0.09767514716981152
0.24807520000000016
0.2633189584905662
0.06688577358490577
0.15412233207547188
0.19736329056603796
0.21004126792452849
0.2292846264150945
0.23743475471698128
0.22634152452830203
0.21441818867924545
0.21019219622641516
0.22988833962264166
0.23562361509433982
0.23305783396226432
0.17412033207547184
0.18068571320754734
0.18415706415094357
0.16876237735849076
0.11684304150943414
0.0848462415094341
0.2630171018867926
0.2372838264150945
0.21607840000000011
0.2632434943396228
0.2241530641509436
0.18672284528301908
0.23796300377358504
0.21336169056603793
0.18732655849056612
0.17789353962264165
0.18174221132075485
0.1864209886792454
0.19879710943396234
0.23758568301886807
0.2864864528301888
0.17374301132075487
0.16332895849056617
0.16136689056603792
0.18460984905660394
0.18551541886792466
0.18287417358490587
0.17125269433962276
0.1538959396226416
0.1264269886792454
0.21547468679245296
0.2396986792452832
0.2568290415094341
0.1277098792452832
0.1302756603773586
0.19381647547169822
0.2551688301886794
0.2642999924528304
0.2500372679245285
0.3052770264150946
0.3037677433962266
0.2566781132075474
0.24128342641509448
0.23871764528301898
0.24641498867924538
0.19238265660377374
0.17238465660377378
0.17238465660377378
0.1487643773584908
0.17185640754717002
0.3090502339622643
0.29508936603773595
0.27282744150943405
0.19509936603773603
0.1812894264150945
0.1732147622641511
0.16793227169811342
0.22619059622641524
0.24392467169811338
0.12710616603773595
0.17306383396226432
0.19268451320754731
0.10001453584905684
0.10439145660377369
0.11193787169811331
0.16966794716981148
0.25184840754717
0.3116914792452832
0.2162293283018869
0.17389393962264166
0.13970867924528318
0.24279270943396236
0.1992498943396228
0.157593683018868
0.10876837735849076
0.17895003773584917
0.2529803698113209
0.12401213584905679
0.16272524528301902
0.21162601509433976
0.1565371849056606
0.15344315471698133
