0.5750383797593539
0.6028912065271139
0.6362651557606724
0.6028912065271139
0.5976172985000825
0.594156296357343
0.6776323718477006
0.652334094280534
0.5400987390802703
0.5007916433163013
0.5199095599142904
0.661975457392451
0.5115866738091315
0.4489590159881325
0.6283542937201252
0.5660562551508159
0.5190031069721444
0.7166098483599801
0.6203610268666557
0.5111746497445195
0.593497057853964
0.617971287291907
0.6469777814405802
0.5141412230097246
0.5152948903906378
0.5816307647931434
0.48109689302785563
0.45439773364100866
0.4829097989121476
0.528809279709906
0.5458670759848359
0.49411685346958945
0.48406346629306074
0.4777182956980386
0.5265019449480799
0.5706709246744683
0.6181360969177518
0.7255919729685183
0.8378273281687818
1.0
0.4949409015988133
0.40141143893192677
0.3928413383880006
0.4234135239821989
0.4385760095599144
0.45884759353881654
0.470631481786715
0.4764822235042032
0.47689424756881493
0.4851347288610517
0.4941992582825119
0.5714949728036922
0.5960516070545576
0.621102670182957
0.5235353716828746
0.5152948903906378
0.5105154112411405
0.4754933657491347
0.5021925251359816
0.5714949728036922
0.43231324377781444
0.4258032635569474
0.5408403823965715
0.3944070298335256
0.3320265864512939
0.3615275094775011
0.41624430525795275
0.45077192187242454
0.40907508653370694
0.5044998598978077
0.5967932503708588
0.3888859073677271
0.43239564859073676
0.5032637877039723
0.3572424592055382
0.3469418575902423
0.36811989451129057
0.46494554969507185
0.4765646283171254
0.43107717158397885
0.3872378111092797
0.3617747239162684
0.3255990110433493
0.3168641008735784
0.31859460194494815
0.4221774517883633
0.365977369375309
0.3144743612988298
0.46848895665073353
0.495764949728037
0.5268315641997692
0.44434434646447996
0.3998457474864018
0.33474594527773194
0.39003957474864026
0.4159970908191857
0.45143116037580366
0.35996181803197613
0.33861897148508335
0.41657392450964237
0.3855897148508324
0.3686143233888248
0.3875674303609692
0.38484807153453093
0.3823759271468601
0.30021832866326037
0.30211363936047475
0.30532742706444704
0.23594257458381407
0.23239916762815227
0.2395683863523982
0.32081953189385204
0.3248573677270479
0.2854678671501567
0.3081291907038074
0.29857023240481306
0.21649503873413545
0.21352846546893034
0.21707187242459203
0.2687396901269161
0.3320265864512939
0.3834471897148509
0.1891366408439097
0.2215217323223998
0.2595927558925334
0.2422053403659139
0.24006281522993245
0.23907395747486404
0.19268004779957149
0.1875709493983847
0.19894281358167132
0.24591355694742056
0.23066866655678253
0.09832653700346139
0.11966938355035439
0.13301896324377782
0.14949992582825122
0.20528798417669358
0.24789127245755727
0.19160878523158065
0.23429447832536676
0.28184205538157237
0.27335435965056865
0.23421207351244444
0.17249086863359153
0.19943724245920558
0.19029030822482285
0.1565043349266524
0.18551082907532557
0.21336365584308548
0.2832429372012526
0.20841936706774356
0.17537503708587443
0.21056189220372512
0.1565043349266524
0.11917495467282013
0.20396950716993567
0.20718329487390807
0.2104794873908027
0.2215217323223998
0.19589383550354378
0.156174715674963
0.37133368221526286
0.4112176116696884
0.4180572111422448
0.21583580023075655
0.20322786385363445
0.3780084720619745
0.25563732487225976
0.17966008735783745
0.06503499258282519
0.10615499423108621
0.13400782099884623
0.11282978407779787
0.15048878358331963
0.18814778308884128
0.2770625762320752
0.3878970496126586
0.5409227872094939
0.26049920883467936
0.20553519861546066
0.18031932586121646
0.10030425251359809
0.07879659634086034
0.08308164661282347
0.17356213120158237
0.19284485742541624
0.06791916103510798
0.14678056700181308
0.197294717323224
0.16894746167792984
0.1956466210647767
0.22102730344486565
0.21352846546893034
0.27178866820504366
0.3510620982363606
0.13433744025053562
0.12922834184934895
0.17710553815724417
0.17001872424592057
0.154609024229438
0.11307699851656505
0.16120140926322735
0.1897958793472886
0.2338000494478325
0.23025664249217082
0.21929680237349602
0.10483651722432841
0.12304798088017144
0.13952894346464484
0.16705215098071535
0.24426546068897315
0.3427392121312016
0.40750939508818196
0.36548294049777486
0.2729423355859568
0.21138594033294877
0.16194305257952868
0.06396373001483435
0.12700341190044495
0.1626846958958299
0.21459972803692107
0.3250221773528926
0.38550731003791006
0.3326858249546728
0.3251869869787375
0.3187594115707929
0.12082305093126755
0.13120605735948576
0.1448852563045987
0.10945118674798082
0.13029960441733968
0.17331491676281519
0.10557816054062963
0.09849134662930603
0.11958697873743207
0.11340661776825445
0.09692565518378105
0.0347100214273941
0.1206582413054228
0.17051315312345483
0.1882301879017636
0.18608766276578215
0.1840275424427229
0.14727499587934734
0.1600477418823142
0.17479820339541785
0.12403683863523984
0.144308422614142
0.18518120982363606
0.06923763804186589
0.09058048458875889
0.20182698203395422
0.20677127080929625
0.20413431679578042
0.1869117108950058
0.0974200840613153
0.06660068402835018
0.19737712213614633
0.1303820092302621
0.0799502637217736
0.12222393275094778
0.11274737926487555
0.10236437283665734
0.11530192846546894
0.13639756057359487
0.16812341354870608
0.17216124938190214
0.14612132849843418
0.0841529091808143
0.09189896159551669
0.07615964232734462
0.00809326685346956
0.05465198615460687
0.09206377122136145
0.19358650074171757
0.19968445689797265
0.20298064941486738
0.1714196060656008
0.1064022086698534
0.03907747651227955
0.1869117108950058
0.17413896489203884
0.14307235042030664
0.14496766111752102
0.12823948409428054
0.09115731827921536
0.08852036426569965
0.11521952365254651
0.20957303444865671
0.1228831712543268
0.09939779957145212
0.20644165155760674
0.1668873413548707
0.13919932421295533
0.12758024559090164
0.1303820092302621
0.13318377286962257
0.07632445195318938
0.09717286962254823
0.12964036591396078
0.2282789269820339
0.23108069062139447
0.2072656996868304
0.2606640184605241
0.2538244189879677
0.18485159057194656
0.06684789846711725
0.01592172408109449
0.021278036921048238
0.1675465798582495
0.2538244189879677
0.12148228943464645
0.1377984423932751
0.1529609279709906
0.15551547717158398
0.18452197132025716
0.2228402093291577
0.06429334926652386
0.06824878028679748
0.1157963573430032
0.16309671996044173
0.16705215098071535
0.1429899456073842
0.1598005274435471
0.1714196060656008
0.1953170018130872
0.25374201417504527
0.27656814735454105
0.11736204878852807
0.11431307071040053
0.11151130707104007
0.27978193505851323
0.21657744354705788
0.1342550354376133
0.18163780286797426
0.15213687984176694
0.08860276907862208
0.15098321246085378
0.21781351574089336
0.36218674798088024
0.11859812098236355
0.05728894016812269
0.20899620075820013
0.11464268996209004
0.06594144552497117
0.12848669853304762
0.1687826520520851
0.20240381572441069
0.10557816054062963
0.14175387341354873
0.184933995384869
0.22811411735618925
0.1836155183781112
0.09972741882314162
0.11587876215592552
0.11109928300642824
0.08975643645953524
0.17290289269820347
0.19902521839459364
0.18254425581012035
0.2441006510631284
0.2689869045656832
0.19259764298664905
0.15065359320916438
0.12057583649250048
0.3614451046645788
0.346200214273941
0.32897760837316636
0.42143580847206186
0.4328076726553486
0.43923524806329317
0.22316982858084722
0.16614569803856938
0.12996998516565028
0.15864686006263395
0.15386738091313668
0.09766729850008238
0.1574931926817208
0.1798248969836822
0.11373623701994406
0.17471579858249553
0.21773111092797104
0.11596116696884784
0.10450689797263879
0.09214617603428388
0.0715449728036921
0.08003266853469593
0.09519515411241142
0.11250016482610847
0.10566056535355206
0.08299924179990115
0.16408557771551013
0.16705215098071535
0.08613062469095101
0.10368284984341514
0.1199990028020439
0.17273808307235872
0.18163780286797426
0.18633487720454922
0.14793423438272624
0.12082305093126755
0.09329984341519704
0.169441890555464
0.19408092961925172
0.22424109114883806
0.3152160046151311
0.28958810779627486
0.2040519119828581
0.22465311521344977
0.206276841931762
0.1248608867644635
0.1843571616944124
0.21089151145541452
0.20668886599637382
0.13054681885610686
0.08497695731003796
0.18806537827591896
0.15098321246085378
0.11521952365254651
0.25423644305257953
0.2534947997362783
0.24558393769573095
0.2227578045162354
0.2108091066424922
0.19333928630295039
0.19152638041865833
0.17834161035107954
0.1387873001483435
0.11637319103345978
0.11414826108455578
0.154609024229438
0.1303820092302621
0.11505471402670187
0.1157963573430032
0.10269399208834673
0.09066288940168121
0.053086294709081994
0.07228661611999343
0.09832653700346139
0.00801086204054724
0.04641150486237022
0.1403529915938685
0.09412389154442069
0.08423531399373663
0.0886851738915444
0.09461832042195495
0.09058048458875889
0.05836020273611342
0.14900549695071696
0.197294717323224
0.12502569639030825
0.15188966540299975
0.17521022746002968
0.07451154606889732
0.07838457227624862
0.08407050436789187
0.11563154771715844
0.12354240975770558
0.13178289104994234
0.21913199274765116
0.2350361216416681
0.2240762815229932
0.18410994725564533
0.1658984835998022
0.15164245096423268
0.1322773199274765
0.13755122795450803
0.29535644470084066
0.25168189385198625
0.2160006098566013
0.26560830723586615
0.21715427723751446
0.16045976594692601
0.18122577880336244
0.15535066754573934
0.10846232899291253
0.20841936706774356
0.2318223339376958
0.2385795285973299
0.2673388083072359
0.25456606230426904
0.1603773611340037
0.16210786220537332
0.16326152958628648
0.1655688643481128
0.20602962749299492
0.23775548046810613
0.2534123949233559
0.21361087028185266
0.169441890555464
0.10195234877204551
0.13441984506345805
0.19416333443217404
0.3064810944453601
0.27492005109609363
0.1500767595187078
0.15345535684852474
0.1552682627328169
0.15807002637217737
0.22127451788363273
0.249621773528927
0.22316982858084722
0.1714196060656008
0.13301896324377782
0.12172950387341352
0.10994561562551508
0.09750248887423774
0.1798248969836822
0.23000942805340363
0.29824061315312345
0.24451267512774022
0.21995604087687481
0.18584044832701496
0.16631050766441402
0.16103659963738248
0.16359114883797599
0.16614569803856938
0.17158441569144556
0.19935483764628326
0.2005085050271963
0.20240381572441069
0.2247355200263722
0.23091588099554972
0.23717864677764955
0.22737247403988792
0.25777985000824133
0.30194882973463
0.3546055051920224
0.3896275506840283
0.4460748475358496
0.2634657820998847
0.23495371682874566
0.31051893027855615
0.30928285808472067
0.2948620158233064
0.21443491841107631
0.17586946596340858
0.15188966540299975
0.1752926322729521
0.19622345475523328
0.2160006098566013
0.15971812263062468
0.11859812098236355
0.06536461183451459
0.256131753749794
0.258603898137465
0.21286922696555133
0.22490032965221685
0.252753156419977
0.3274943217405637
0.28497343827262234
0.2579446596340861
0.20932582000988964
0.21641263392121313
0.2205328745673315
0.21723668205043678
0.20973784407450136
0.20298064941486738
0.26396021097741884
0.30203123454755243
0.3494140019779133
0.28365496126586465
0.24302938849513767
0.1820498269325862
0.20479355529915944
0.22045046975440907
0.24920974946431518
0.21707187242459203
0.20240381572441069
0.1927624526124938
0.12964036591396078
0.10557816054062963
0.24789127245755727
0.2796171254326685
0.3065634992582824
0.27912269655513433
0.22786690291742218
0.16581607878687987
0.16293191033459709
0.16960670018130874
0.18163780286797426
0.16795860392286144
0.1552682627328169
0.12964036591396078
0.19778914620075827
0.21740149167628153
0.19391611999340697
0.19292726223833856
0.18122577880336244
0.07772533377286961
0.1199990028020439
0.15559788198450641
0.31958345970001645
0.29346113400362606
0.263548186912807
0.0915693423438273
0.11629078622053735
0.18130818361628487
0.19424573924509636
0.18608766276578215
0.15955331300478004
0.2412164826108456
0.26981095269490685
0.2719534778308884
0.17331491676281519
0.12337760013186083
0.13862249052249875
0.1177740728531399
0.09948020438437444
9.999999999998899e-05
0.07278104499752758
0.1519720702159223
0.22935018955002473
0.2185551590571947
0.1930920718641833
0.12898112741058188
0.1358207268831383
0.17867122960276915
0.16326152958628648
0.15839964562386677
0.15856445524971152
0.0903332701499917
0.0789614059667052
0.235695360145047
0.20125014834349764
0.17677591890555466
0.18798297346299653
0.1823794461842756
0.1765287044667876
0.27401359815394755
0.31414474204714027
0.36548294049777486
0.41031115872754254
0.3658949645623867
0.25365960936212295
0.5349072358661613
0.6236572193835503
0.6408798252843251
0.382128712708093
0.2492921542772375
0.17183163013021263
0.20166217240810946
0.2221809708257788
0.2244059007746827
0.19754193176199109
0.17125479643975605
0.1574931926817208
0.18534601944948081
0.22514754409098403
0.18213223174550852
0.18460437613317948
0.20265103016317787
0.26016958958298997
0.21814313499258287
0.03479242624031642
0.09123972309213779
0.12931074666227127
0.2043815312345476
0.16540405472226805
0.14224830229108298
0.17455098895665078
0.12914593703642663
0.08687226800725234
0.1578228119334103
0.1549386434811274
0.14859347288610514
0.24616077138618764
0.23198714356354044
0.18040173067413878
0.13507908356683695
0.12980517553980553
0.148099044008571
0.1487582825119499
0.1532905472226801
0.1752926322729521
0.1939985248063293
0.208501771880666
0.24583115213449813
0.18023692104829414
0.12263595681555961
0.21188036921048303
0.23033904730509314
0.25209391791659796
0.23783788528102856
0.23165752431185094
0.22349944783253672
0.14323716004615128
0.14348437448491835
0.1956466210647767
0.23973319597824294
0.24780886764463494
0.206936080435141
0.16812341354870608
0.15131283171254328
0.208501771880666
0.19688269325861218
0.1872413301466952
0.2263012114718972
0.18682930608208348
0.13985856271633423
0.17166682050436788
0.1891366408439097
0.21394048953354206
0.16276710070875233
0.15065359320916438
0.14743980550519198
0.22358185264545904
0.23528333608043517
0.1688650568650074
0.16861784242624034
0.16696974616779303
0.1542794049777485
0.2444302703148179
0.3136503131696061
0.17059555793637715
0.15930609856601285
0.146533352563046
0.2353657408933575
0.22259299489039064
0.1904551178506676
0.1270858167133675
0.1358207268831383
0.18666449645623862
0.16251988626998515
0.15897647931432335
0.17702313334432174
0.17380934564034944
0.15963571781770236
0.06437575407944618
0.16326152958628648
0.23305840613153128
0.08118633591560898
0.1064022086698534
0.13334858249546733
0.18518120982363606
0.20512317455084894
0.2305862617438602
0.1623550766441404
0.1675465798582495
0.206276841931762
0.2030630542277897
0.16837062798747315
0.04723555299159388
0.09865615625515078
0.1274978407779792
0.153949785726059
0.1316180814240976
0.12354240975770558
0.30532742706444704
0.22613640184605244
0.14595651887258942
0.10566056535355206
0.10063387176528771
0.09626641668040214
0.10236437283665734
0.1100280204384374
0.12436645788692924
0.10747347123784412
0.11859812098236355
0.1717492253172902
0.17801199109939014
0.18460437613317948
0.20743050931267515
0.22869095104664583
0.2392387671007088
0.1729852975111258
0.17867122960276915
0.18419235206856766
0.14414361298829736
0.14060020603263557
0.13755122795450803
0.17372694082742712
0.13804565683204217
0.05654729685182136
0.07714850008241303
0.10030425251359809
0.15485623866820508
0.14603892368551175
0.15081840283500902
0.19688269325861218
0.2153413713532224
0.22786690291742218
0.23907395747486404
0.19762433657491352
0.15988293225646943
0.1448852563045987
0.1707603675622219
0.204711150486237
0.23025664249217082
0.2250651392780617
0.2092434151969672
0.22984461842755888
0.20965543926157904
0.13689198945112901
0.21492934728861046
0.24204053074006926
0.22160413713532223
0.16021255150815883
0.1322773199274765
0.23256397725399713
0.18295627987473218
0.1401057771551013
0.17677591890555466
0.17801199109939014
0.17924806329322562
0.20133255315641996
0.17150201087852313
0.11431307071040053
0.11266497445195323
0.11901014504697549
0.13705679907697388
0.2178959205538158
0.22679564034943134
0.13046441404318443
0.15938850337893518
0.17372694082742712
0.15436180979067082
0.10467170759848365
0.06454056370529093
0.14892309213779464
0.17084277237514423
0.19647066919400036
0.20092052909180813
0.1808137547387506
0.14645094775012368
0.11151130707104007
0.1410122300972474
0.2333880253832208
0.09717286962254823
0.07203940168122624
0.16474481621888903
0.0792910252183946
0.05283908027031481
0.21188036921048303
0.18452197132025716
0.16144862370199442
0.06429334926652386
0.08407050436789187
0.1058253749793967
0.16985391462007582
0.1316180814240976
0.06338689632437777
0.14084742047140264
0.12074064611834512
0.039324690951046626
0.1268386022746003
0.1542794049777485
0.15024156914455244
0.22514754409098403
0.2469848195154113
0.13120605735948576
0.18682930608208348
0.22679564034943134
0.20092052909180813
0.13598553650898304
0.06791916103510798
0.09758489368716006
0.12131747980880181
0.1542794049777485
0.1532905472226801
0.14785182956980392
0.1361503461348278
0.12667379264875556
0.12667379264875556
0.13697439426405145
0.15518585791989448
0.1559275012361958
0.10508373166309548
0.15699876380418665
0.1949873825613977
0.2350361216416681
0.19004309378605566
0.1452148755562881
0.16573367397395744
0.22333463820669186
0.30400895005768913
0.26948133344321745
0.2993942805340366
0.37232253997033127
0.3726521592220208
0.33763011373001484
0.22382906708422612
0.18617006757870447
0.18130818361628487
0.25069303609691773
0.22522994890390646
0.20446393604746993
0.1410122300972474
0.17059555793637715
0.19844838470413717
0.18386273281687826
0.1284042937201253
0.054322366902917474
0.16375595846382074
0.2043815312345476
0.255472515246415
0.3261758447338058
0.3443049035767265
0.3435632602604253
0.2230874237679248
0.16177824295368382
0.10483651722432841
0.12758024559090164
0.15724597824295372
0.3559239821987803
0.32765913136640845
0.3023608537992418
0.287115963408604
0.2867039393439921
0.2865391297181473
0.07113294873908027
0.1077206856766112
0.22176894676116699
0.09437110598318776
0.07525318938519865
0.10714385198615461
0.06890801879017638
0.08819074501401025
0.2512698697873743
0.26437223504203067
0.27269512114718975
0.2787106724905225
0.2599223751442229
0.2441006510631284
0.2544836574913466
0.1927624526124938
0.11818609691775184
0.14834625844733806
0.1426603263556947
0.1274154359650569
0.1242016482610846
0.12098786055711219
0.11447788033624529
0.22663083072358658
0.27590890885116204
0.31183740728531406
0.2852206527113894
0.2540716334267348
0.10450689797263879
0.17347972638865994
0.22869095104664583
0.22012085050271968
0.16581607878687987
0.10360044503049282
0.11167611669688482
0.12922834184934895
0.15699876380418665
0.17067796274929947
0.16062457557277077
0.12922834184934895
0.1665577221031811
0.15576269161035106
0.06206841931761986
0.13054681885610686
0.1662281028514917
0.1646624114059667
0.21072670182956976
0.2460783665732652
0.2609936377122136
0.2447598895665073
0.22712525960112084
0.3345811356518872
0.26396021097741884
0.14257792154277238
0.18905423603098725
0.17512782264710725
0.12337760013186083
0.1927624526124938
0.2363545986484259
0.3154632190538982
0.2829957227624855
0.29238987143563544
0.4697250288445691
0.522546513927806
0.547432767430361
0.20520557936377126
0.20232141091148836
0.19935483764628326
0.08308164661282347
0.15188966540299975
0.2625593291577386
0.14776942475688148
0.13343098730838965
0.14257792154277238
0.06643587440250542
0.09239339047305095
0.2569558018790177
0.20388710235701335
0.1645800065930444
0.07236902093291586
0.12922834184934895
0.16804100873578376
0.16927708092961924
0.2974989698368222
0.4225070710400527
0.20223900609856604
0.23009183286632606
0.2809356024394264
0.16894746167792984
