0.12495673258003759
0.12495673258003759
0.1546670903954801
0.1578055084745762
0.21863851224105446
0.23281370056497175
0.1918050376647834
0.17564218455743863
0.1719283898305084
0.16973149717514113
0.17119609227871924
0.17245145951035767
0.16183314500941604
0.14812871939736338
0.21508163841807904
0.34386139359698675
0.3276985404896421
0.27879152542372865
0.26649938794726913
0.1990233992467043
0.1954142184557438
0.1385042372881355
0.1385042372881355
0.2200508003766477
0.2228753766478342
0.24097358757062137
0.24364124293785305
0.28041304143126167
0.2908744350282485
0.20012184557438795
0.15838088512241044
0.23626596045197734
0.2901944444444443
0.3753501883239171
0.4614474576271185
0.3728917608286251
0.2417581920903954
0.24113050847457607
0.23971822033898293
0.23569058380414298
0.22099232580037653
0.23244755178907706
0.31624331450094156
0.3171848399246704
0.35123667608286246
0.35123667608286246
0.1968788135593219
0.1858943502824858
0.26995164783427483
0.2859575800376647
0.2453673728813558
0.23150602636534823
0.21801082862523535
0.21079246704331445
0.22324152542372866
0.23307523540489639
0.2281060734463276
0.22235230696798491
0.2693239642184556
0.34940593220338967
0.34699981167608274
0.34077528248587563
0.3222586158192089
0.23903822975517874
0.2361613465160075
0.2062417608286251
0.2062417608286251
0.2934897834274952
0.29390823917137465
0.28522528248587553
0.2842837570621467
0.20320795668549885
0.18380207156308837
0.269847033898305
0.30442193973634635
0.3561012241054612
0.3877992467043314
0.22617071563088498
0.07981581920903946
0.11679684557438785
0.16559924670433135
0.19264194915254218
0.24589044256120518
0.2478258003766477
0.25384110169491514
0.2694808851224104
0.3586119585687382
0.35223050847457615
0.24332740112994344
0.24332740112994344
0.18626049905838027
0.18401129943502814
0.27962843691148764
0.29411746704331443
0.3755071092278719
0.39920216572504696
0.27748385122410535
0.22031233521657245
0.21591854990583803
0.21278013182674194
0.2171216101694915
0.22162000941619575
0.22737377589453844
0.23610903954802254
0.24970885122410535
0.28077919020715625
0.26895781544256114
0.2246538135593219
0.24285663841807903
0.38099934086628995
0.3781224576271185
0.2532657250470809
0.2532657250470809
0.2000172316384179
0.19598959510357805
0.24887193973634647
0.25928102636534833
0.23045988700564957
0.2203646421845573
0.2361613465160075
0.2447396892655367
0.3135233521657249
0.36902104519774004
0.3162956214689264
0.2542072504708097
0.24609967043314485
0.23197678907721275
0.2189000470809791
0.18385437853107334
0.19321732580037654
0.2366321092278718
0.2391428436911487
0.26649938794726913
0.26649938794726913
0.2877883239171374
0.2879452448210922
0.2532657250470809
0.24923808851224094
0.2865852636534839
0.2957912900188322
0.2544164783427494
0.23741671374764584
0.2614256120527306
0.27649001883239166
0.2492903954802259
0.22428766478342732
0.2266414783427495
0.22983220338983046
0.22156770244821078
0.20503870056497164
0.19923262711864398
0.1806113465160074
0.21387857815442557
0.40992509416195844
0.3995160075329566
0.20242335216572493
0.20242335216572493
0.23192448210922778
0.23328446327683605
0.22538611111111106
0.2241830508474575
0.2811453389830507
0.29819741054613935
0.2696378060263652
0.25593338041431246
0.31613870056497173
0.3593965630885122
0.2786869114877588
0.19389731638418073
0.21424472693032004
0.2455242937853107
0.23909053672316383
0.22407843691148766
0.22240461393596977
0.21586624293785295
0.21717391713747636
0.22773992467043302
0.22946605461393577
0.3255539548022597
0.3255539548022597
0.30295734463276824
0.30112660075329556
0.2576595103578153
0.2488196327683615
0.3486736346516006
0.3843469868173257
0.3577750470809792
0.34302448210922776
0.297622033898305
0.26037947269303197
0.2634132768361581
0.2670224576271185
0.2647732580037664
0.26074562146892644
0.2685393596986816
0.2899329096045197
0.28417914312617687
0.2568749058380413
0.2634655838041431
0.3408275894538605
0.3408275894538605
0.3774947740112994
0.37801784369114866
0.2325521657250469
0.21492471751412423
0.2918682674199623
0.31132645951035776
0.29882509416195846
0.29359439736346504
0.2749208097928435
0.26299482109227856
0.2627855932203389
0.2625763653483991
0.26498248587570605
0.26827782485875695
0.2805176553672315
0.3056249999999999
0.31132645951035776
0.3299477401129943
0.3344461393596986
0.3621688323917136
0.3616457627118643
0.3511843691148775
0.3511843691148775
0.34799364406779654
0.3478890301318267
0.3333999999999999
0.33104618644067785
0.3368522598870055
0.33863069679849334
0.3242462806026364
0.3171848399246704
0.2818253295668549
0.2558810734463275
0.2589671845574386
0.2622625235404895
0.27094548022598863
0.2846499058380414
0.2996096986817325
0.3354399717514124
0.35683352165725035
0.44193695856873816
0.4502537664783427
0.5194558851224104
0.522123540489642
0.7163916195856872
0.7163916195856872
0.5122898305084745
0.4946100753295668
0.9123335216572503
1.0
0.5734889830508474
0.4171957627118642
0.4091927966101694
0.40464209039548005
0.4088789548022598
0.4124358286252353
0.37576864406779653
0.330941572504708
0.33617226930320143
0.3455875235404895
0.34930131826741984
0.35965809792843684
0.3738332862523539
0.4438200094161958
0.4378047080979284
0.36321497175141226
0.36321497175141226
0.23940437853107333
0.23705056497175137
0.3336092278719396
0.3459013653483991
0.33727071563088507
0.33496920903954785
0.399934463276836
0.4279186911487758
0.4390600753295667
0.4463307438794726
0.3935530131826741
0.34318140301318256
0.3306277306967983
0.31310489642184547
0.34417523540489625
0.40908818267419955
0.4113373822975517
0.4188172787193972
0.42776177024482087
0.48467175141242924
0.4808010357815442
0.39004844632768354
0.39004844632768354
0.40866972693032
0.40971586629001866
0.46463818267419943
0.47400112994350263
0.41682961393596973
0.3987837099811675
0.40746666666666653
0.41186045197740095
0.3286923728813558
0.26665630885122404
0.2705270244821091
0.2747638888888887
0.24615197740112982
0.20038338041431258
0.2118386064030131
0.23971822033898293
0.24337970809792842
0.25844411487758934
0.2606410075329566
0.27994227871939725
0.2807268832391713
0.3753501883239171
0.3753501883239171
0.2802038135593219
0.27141624293785294
0.3858638888888888
0.41070969868173246
0.33643380414312607
0.30865880414312596
0.3308369585687382
0.343652165725047
0.32184016007532945
0.3032188794726929
0.3216309322033898
0.3444367702448209
0.3796393596986817
0.4444999999999999
0.4351370527306966
0.4079897363465159
0.3977898775894537
0.34569213747645944
0.33941530131826736
0.2558810734463275
0.2558810734463275
0.3493536252354048
0.35160282485875693
0.3881653954802259
0.39297763653483975
0.39841756120527305
0.39988215630885116
0.4044328625235404
0.40647283427495273
0.37095640301318256
0.3474182674199622
0.32021864406779643
0.2938036252354047
0.2810407250470809
0.26283790018832376
0.26989934086628997
0.28501605461393587
0.2729854519774011
0.2315583333333332
0.23898592278719377
0.2885729284369113
0.2882590866290018
0.28025612052730686
0.28025612052730686
0.257188747645951
0.25582876647834263
0.26189637476459493
0.2629425141242937
0.29212980225988694
0.3015450564971751
0.22386920903954788
0.1842205273069678
0.19217118644067788
0.1982387947269303
0.2203646421845573
0.24500122410546132
0.24065974576271176
0.23359830508474566
0.24254279661016942
0.2648778719397362
0.28899138418079084
0.39067612994350265
0.38806078154425605
0.3639995762711863
0.36342419962335204
0.2287860640301318
0.2287860640301318
0.21408780602636523
0.21262321092278702
0.22099232580037653
0.2228753766478342
0.21204783427495288
0.20786327683615813
0.1927988700564971
0.1839066854990583
0.2076017419962335
0.22821068738229744
0.2360044256120527
0.245995056497175
0.24646581920903943
0.24745965160075312
0.24824425612052714
0.25054576271186424
0.2534226459510357
0.26859166666666645
0.26629016007532946
0.23328446327683605
0.23328446327683605
0.16329774011299425
0.16131007532956676
0.1898173728813558
0.1937927024482109
0.21162937853107333
0.21654623352165714
0.26419788135593203
0.2855914312617702
0.2496565442561205
0.22533380414312598
0.254678013182674
0.2838129943502824
0.2271122410546138
0.14488568738229746
0.14132881355932198
0.13348276836158185
0.1545101694915253
0.22889067796610163
0.22031233521657245
0.16115315442561196
0.16115315442561196
0.16099623352165715
0.16099623352165715
0.1816051789077212
0.1829128531073445
0.17213761770244806
0.17014995291902058
0.17297452919020706
0.1739160546139359
0.17130070621468918
0.16988841807909594
0.19102043314500927
0.2073925141242936
0.172242231638418
0.13254124293785302
0.12720593220338972
0.11836605461393584
0.11894143126177015
0.1204060263653483
0.10528931261770236
0.039800988700564865
0.046967043314500856
0.11716299435028238
0.11716299435028238
0.1509009887005649
0.1509009887005649
0.1411195856873822
0.14007344632768348
0.2256476459510357
0.24541967984934077
0.3837193032015065
0.43796162900188307
0.3811039548022598
0.3469475047080979
0.2686962806026365
0.1995464689265536
0.18254670433145004
0.16068239171374754
0.1505871468926553
0.13128587570621464
0.14295032956685488
0.17836214689265528
0.16664538606403
0.10241242937853101
0.10591699623352152
0.16078700564971748
0.16078700564971748
0.04675781544256108
0.04288709981167599
0.0923171845574387
0.09948323917137464
0.1730791431261769
0.19389731638418073
0.16826690207156292
0.15655014124293776
0.12014449152542361
0.0950371468926553
0.09529868173257994
0.09556021657250463
0.10230781544256112
0.11235075329566846
0.10759081920903946
0.09702481167608279
0.12741516007532944
0.23804439736346505
0.24547198681732574
0.299243549905838
0.2943266949152541
0.12066756120527294
0.12066756120527294
0.10199397363465151
0.10068629943502816
0.09916939736346508
0.09890786252354039
0.08577881355932193
0.08133272128060254
0.10712005649717504
0.12087678907721272
0.10879387947269292
0.09927401129943492
0.1272582391713747
0.15953163841807894
0.1366211864406779
0.09760018832391704
0.1250090395480225
0.1967218926553671
0.18793432203389815
0.14849486817325785
0.15048253295668546
0.1709345574387946
0.1709345574387946
0.1434210922787193
0.1433164783427494
0.11595993408662886
0.11297843691148768
0.07950197740112985
0.07155131826741984
0.09514176082862513
0.10460932203389822
0.12479981167608273
0.1372488700564971
0.11308305084745751
0.09132335216572496
0.06548370998116754
0.031484180790960326
0.03854562146892648
0.05235466101694908
0.051779284369114775
0.05005315442561198
0.05324387947269299
0.0712897834274952
0.07610202448210912
0.157125517890772
0.157125517890772
0.02196431261770232
0.016785922787193874
0.04477015065913359
0.048954708097928346
0.11135692090395471
0.12950743879472681
0.09064336158192077
0.07238822975517883
0.08148964218455734
0.08792339924670423
0.09932631826741989
0.1110430790960451
0.08300654425612042
0.040742514124293694
0.05936379472693021
0.10168013182674185
0.13431967984934073
0.2561949152542372
0.23678903013182662
0.09095720338983043
0.0911664312617701
0.0997970809792843
0.0997970809792843
0.10037245762711855
0.10042476459510347
0.06972057438794721
0.0636529661016948
0.06082838983050837
0.05983455743879462
0.09414792843691139
0.1127692090395479
0.11935988700564965
0.1246951977401129
0.13583658192090386
0.14896563088512227
0.20357410546139354
0.2980927966101693
0.2604840866290018
0.1599500941619585
0.1553470809792843
0.1342150659133709
0.13086741996233514
0.09383408662900183
0.09383408662900183
0.019296657250470695
0.01861666666666656
0.02013356873822969
0.02029048964218444
0.0877141713747645
0.10424317325800364
0.10058168549905827
0.09911709039548017
0.08462806026365338
0.0756312617702447
0.03624411487758933
9.999999999993348e-05
0.04205018832391705
0.09822787193973626
0.09263102636534831
0.08143733521657243
0.08096657250470801
0.07950197740112985
0.07249284369114867
0.031118032015065855
0.0315364877589453
0.03880715630885112
0.03880715630885112
0.08546497175141238
0.08750494350282478
0.07045287193973626
0.06778521657250458
0.07924044256120516
0.08264039548022589
0.06098531073446317
0.05062853107344628
0.025259651600753164
0.007109133709981064
0.055911534839924615
0.10696313559322024
0.07484665725047074
0.02557349340866283
0.03676718455743866
0.06297297551789066
0.057742278719397244
0.037604096045197655
0.03838870056497162
0.04456092278719387
0.04639166666666661
0.14535645009416187
0.14535645009416187
0.07228361581920895
0.0663729284369114
0.07406205273069671
0.0756312617702447
0.11684915254237277
0.1314951035781543
0.11496610169491517
0.10581238229755169
0.16392542372881347
0.2115247645951034
0.16952226930320147
0.11920296610169484
0.11512302259886997
0.10790466101694907
0.10084322033898296
0.08138502824858745
0.07892660075329555
0.06715753295668542
0.07233592278719392
0.13238432203389822
0.13238432203389822
0.09053874764595093
0.08996337099811663
0.05617306967984925
0.052093126177024385
0.04827471751412421
0.04733319209039538
0.08614496233521646
0.10246473634651593
0.10204628060263643
0.10178474576271179
0.10471393596986805
0.10748620527306957
0.10335395480225984
0.09765249529190201
0.0937817796610168
0.08593573446327679
0.08588342749529176
0.08567419962335204
0.08672033898305076
0.09294486817325792
0.09017259887005641
0.03289646892655357
0.03289646892655357
0.06281605461393591
0.0642283427495291
0.06370527306967971
0.06360065913370988
0.06794213747645939
0.0692498116760828
0.0923171845574387
0.10361548964218448
0.09299717514124284
0.0852557438794726
0.10644006591337085
0.12898436911487748
0.11507071563088506
0.09325870998116748
0.08787109227871931
0.07500357815442554
0.08938799435028238
0.14619336158192087
0.14279340866290008
0.11475687382297539
0.11480918079096031
0.11595993408662886
0.11595993408662886
0.08708648775894529
0.08457575329566847
0.13515659133709973
0.1457749058380413
0.11323997175141232
0.1013662900188323
0.10978771186440667
0.11454764595103567
0.11496610169491517
0.1153322504708097
0.12432904896421831
0.13526120527306956
0.15592245762711854
0.19321732580037654
0.1576485875706214
0.05821304143126166
0.05836996233521646
0.059049952919020654
0.05952071563088501
0.06548370998116754
0.06548370998116754
0.05130852165725036
0.05104698681732567
0.06830828625235397
0.07050517890772118
0.08457575329566847
0.08823724105461384
0.11915065913370992
0.13243662900188313
0.11391996233521651
0.10188935969868163
0.15142405838041417
0.1985526365348398
0.1732360640301317
0.138085781544256
0.12861822033898296
0.1088461864406779
0.09624020715630877
0.05397617702448204
0.057062288135593164
0.07678201506591326
0.07495127118644057
0.03305338983050837
0.03305338983050837
0.06469910546139351
0.06642523540489637
0.08494190207156299
0.08808032015065909
0.0850988229755178
0.08415729755178897
0.08196040489642176
0.08086195856873812
0.062083757062146805
0.04817010357815432
0.06799444444444436
0.08949260828625222
0.10434778719397353
0.12804284369114866
0.12527057438794714
0.11847066854990573
0.11193229755178896
0.08536035781544243
0.08473267419962321
0.07897890772128047
0.07908352165725041
0.08912645951035775
0.08912645951035775
0.09969246704331441
0.10063399246704319
0.038231779661016874
0.024684274952918916
0.05308695856873813
0.0636529661016948
0.07699124293785303
0.0846803672316383
0.07557895480225979
0.06783752354048955
0.0455024482109227
0.01777975517890762
0.03943483992467034
0.07924044256120516
0.06679138418079084
0.030961111111110995
0.05251158192090383
0.16193775894538598
0.15817165725047078
0.10827080979284359
0.10827080979284359
0.10644006591337085
0.10638775894538594
0.11229844632768354
0.11308305084745751
0.13322123352165716
0.1385565442561204
0.19321732580037654
0.21706930320150652
0.15607937853107334
0.11559378531073439
0.11036308851224097
0.10528931261770236
0.11826144067796601
0.13672580037664772
0.1530455743879472
0.18777740112994346
0.161885451977401
0.07296360640301308
0.08258808851224092
0.1461410546139359
0.14483338041431248
0.11099077212806019
0.11099077212806019
0.06516986817325787
0.06244990583804133
0.05972994350282479
0.05920687382297546
0.0831111581920903
0.09080028248587563
0.12982128060263642
0.1497502354048963
0.09613559322033888
0.05533615819209031
0.0550223163841807
0.054603860640301205
0.050942372881355835
0.044979378531073366
0.07882198681732572
0.16308851224105447
0.14901793785310724
0.0898587570621468
0.0920033427495291
0.11119999999999985
0.11083385122410538
0.03488413370998111
0.03488413370998111
0.05287773069679841
0.054603860640301205
0.10392933145009409
0.11496610169491517
0.09242179849340859
0.08379114877589444
0.04152711864406766
0.01662900188323907
0.036139500941619496
0.05303465160075321
0.049425470809792704
0.04482245762711856
0.07228361581920895
0.12370136534839915
0.09576944444444435
0.01380442561205264
0.03143187382297541
0.12396290018832384
0.12119063088512227
0.08154194915254226
0.08154194915254226
0.10241242937853101
0.10304011299435017
0.09252641242937842
0.09111412429378518
0.05580692090395467
0.046077824858756944
0.09498483992467033
0.11690145951035769
0.10780004708097918
0.10162782485875693
0.09205564971751401
0.08264039548022589
0.0920033427495291
0.10549854048964213
0.09435715630885116
0.07019133709981162
0.07374821092278705
0.0864064971751411
0.09163719397363451
0.12783361581920893
0.1268397834274952
0.09765249529190201
0.09765249529190201
0.03545951035781536
0.031484180790960326
0.09932631826741989
0.11167076271186427
0.07463742937853096
0.06244990583804133
0.10204628060263643
0.12265522598870043
0.11323997175141232
0.10591699623352152
0.09869863465160067
0.09053874764595093
0.10795696798493398
0.13688272128060253
0.12579364406779653
0.09754788135593212
0.11146153483992455
0.17171916195856873
0.1716145480225988
0.17035918079096035
0.17035918079096035
0.17182377589453857
0.17182377589453857
0.1526794256120526
0.1507440677966101
0.13646426553672303
0.13322123352165716
0.11067693032015052
0.10188935969868163
0.11433841807909595
0.12176600753295663
0.13301200564971744
0.14295032956685488
0.12872283427495285
0.11041539548022589
0.12249830508474568
0.14567029190207148
0.14049190207156298
0.1248521186440677
0.1315997175141242
0.16852843691148767
0.17626986817325796
0.29537283427495287
0.29537283427495287
0.16816228813559309
0.16397773069679844
0.11109538606403002
0.10351087570621459
0.07882198681732572
0.07191746704331442
0.05491770244821087
0.04712396421845566
0.11282151600753287
0.15806704331450083
0.15555630885122407
0.15309788135593205
0.1548240112994349
0.15738705273069664
0.15770089453860636
0.1584331920903954
0.1572824387947268
0.15315018832391702
0.15309788135593205
0.1526794256120526
0.15210404896421836
0.13238432203389822
0.13238432203389822
0.10832311676082851
0.10664929378531063
0.12521826741996223
0.12867052730696793
0.11255998116760818
0.10706774952919013
0.1022555084745762
0.09969246704331441
0.15445786252354043
0.19761111111111096
0.16120546139359682
0.11925527306967976
0.14472876647834265
0.1878820150659133
0.15785781544256106
0.07965889830508466
0.0846803672316383
0.10696313559322024
0.11282151600753287
0.1725560734463275
0.1725560734463275
0.09671096986817318
0.09650174199623346
0.13714425612052722
0.1415380414312617
0.1169537664783426
0.11114769303201494
0.1663315442561204
0.18840508474576256
0.1835928436911487
0.18066365348399238
0.14289802259886997
0.10895080037664773
0.12804284369114866
0.15309788135593205
0.1410149717514123
0.11747683615819199
0.12192292843691138
0.13557504708097923
0.13259354990583794
0.1156460922787193
0.11365842749529181
0.08143733521657243
0.08143733521657243
0.07944967043314488
0.07939736346515996
0.10560315442561197
0.10957848399246695
0.14023036723163834
0.14912255178907707
0.12804284369114866
0.1182091337099811
0.1495933145009415
0.1716145480225988
0.1407011299435027
0.10900310734463264
0.14451953860640293
0.1978726459510356
0.17679293785310723
0.12893206214689257
0.14321186440677958
0.19630343691148766
