0.5114554978916641
0.38215715212455414
0.2966429451832632
0.24756146610444374
0.16345267596496926
0.19350697372688952
0.2696156989944859
0.1399930262731106
0.3932923775543302
0.39685997405124906
0.254696659098281
0.367238112228349
0.38215715212455414
0.41480606552059696
0.45523882581900743
0.6689702886798572
0.2970753811222836
0.2611831981835876
0.259669672397016
0.18907450535192993
0.3070214077197535
0.3149133636068766
0.27199409665909846
0.23956140123256575
0.2999943237106715
0.4852931235809277
0.2715616607200779
0.3634542977619202
0.295561855335712
0.2304802465131366
0.2991294518326306
0.311453876094713
0.33069727538112237
0.3814003892312683
0.17037165098929619
0.25080473564709704
0.17923658773921514
0.1184793383068441
0.21512877067791114
0.21058819331819667
0.23642624067466766
0.185074472915991
0.1511282517028869
0.15837155368147915
0.26096698021407727
0.22204774570223818
0.1737230295167046
0.2529669153421993
0.2709130068115473
0.24399386960752523
0.254696659098281
0.2515614985403829
0.2422641258514434
0.23923707427830043
0.22723697697048328
0.2402100551410964
0.2258315601686669
0.2870212455400585
0.2861563736620176
0.26712919234511845
0.3217242296464484
0.1216144988647423
0.23804787544599415
0.24972364579954598
0.22853428478754467
0.243777651638015
0.28053470645475187
0.1963178073305223
0.3166431073629583
0.22291261758027903
0.2385884203697698
0.20237191047680847
0.18896639636717483
0.11988475510866048
0.12096584495621154
0.049722024002594956
0.22961537463509585
0.23577758676613692
0.31761608822575416
0.21004764839442114
0.12799292896529357
0.23653434965942277
0.16993921505027576
0.2709130068115473
0.26031832630554663
0.17166895880635746
0.09026289328576076
0.11091170937398653
0.29296723970158944
0.14215520596821285
0.19404751865066505
0.2908050600064873
0.3585893934479405
0.18658799870256249
0.2793455076224457
0.38388689588063585
0.19458806357444058
0.24150736295815778
0.2922104768083037
0.21307469996756412
0.21134495621148242
0.38572474862147255
0.277507654881609
0.12799292896529357
0.11837122932208899
0.18042578657152142
0.3358865066493675
0.21458822575413572
0.18204742134284801
0.19102046707752196
0.2581561466104445
0.13718219266947784
0.07199247486214733
0.13458757703535518
0.246804703211158
0.22020989296140137
0.19934485890366538
0.2501560817385664
0.24658848524164778
0.20172325656827772
0.22161530976321764
0.20983143042491081
0.31102144015569255
0.20010162179695112
0.18615556276354217
0.06734378851767775
0.10691167693804748
0.21966934803762583
0.2061557249432372
0.15880398962049969
0.2567507298086281
0.12042530003243601
0.1476687641907234
0.09339805384365885
0.14010113525786583
0.19220966590982813
0.408860071359066
0.2193450210833604
0.15793911774245872
0.23469649691858585
0.19534482646772633
0.2469128121959132
0.29275102173207923
0.27015624391826154
0.2891834252351606
0.2678859552384043
0.1802095686020111
0.18247985728186833
0.12226315277327282
0.18702043464158302
0.17112841388258204
0.2338316250405451
0.3087511514758352
0.2096152124554006
0.2709130068115473
0.3217242296464484
0.3149133636068766
0.28475095686020113
0.25426422315926056
0.2677778462536492
0.31080522218618234
0.24096681803438214
0.25545342199156673
0.20756114174505358
0.22669643204670786
0.15458773921505042
0.13847950048653912
0.22312883554978924
0.14647956535841722
0.1931826467726241
0.16680405449237767
0.27815630879013953
0.1885339604281545
0.16831758027894916
0.14053357119688625
0.23956140123256575
0.18042578657152142
0.2845347388906909
0.1751284463185211
0.16518241972105108
0.16691216347713278
0.17307437560817396
0.18799341550437887
0.16269591307168352
0.40215731430424917
0.20842601362309443
0.22766941290950382
0.26410214077197536
0.18756097956535844
0.15188501459617265
0.17339870256243928
0.2972915990917938
0.28161579630230305
0.19750700616282846
0.2756698021407721
0.2989132338631204
0.2500479727538113
0.25275069737268907
0.12096584495621154
0.14399305870904966
0.251777716509893
0.2988051248783653
0.2837779759974052
0.2951294193966917
0.23015591955887127
0.32334586441777513
0.25112906260136236
0.2938321115796304
0.3557785598443075
0.23675056762893287
0.21902069412909508
0.2956699643204671
0.29166993188452817
0.5277799545896855
0.37231923451183935
0.27545358417126187
0.29631861822899785
0.16204725916315288
0.14420927667855987
0.27999416153097645
0.2922104768083037
0.3719949075575739
0.13285783327927358
0.14366873175478445
0.17653386312033748
0.1833447291599093
0.18442581900746036
0.12723616607200794
0.26042643529030174
0.24637226727213757
0.25545342199156673
0.3167512163477133
0.22464236133636073
0.4122114498864744
0.15956075251378532
0.13296594226402858
0.11869555627635431
0.17156084982160236
0.16637161855335725
0.24291277975997416
0.30421057411612074
0.17307437560817396
0.24961553681479087
0.2091827765163803
0.24453441453130076
0.09350616282841395
0.1315605254622123
0.300426759649692
0.19220966590982813
0.38269769704832957
0.32896753162504067
0.10161433668504705
0.1624796951021733
0.2336154070710348
0.7176193318196564
0.2843185209211808
0.2565345118391178
0.3146971456373664
0.29934566980214095
0.12604696723970177
0.13253350632500827
0.14053357119688625
0.24583172234836215
0.19264210184884867
0.27350762244566995
0.25599396691534226
0.22475047032111584
0.2077773597145639
0.2742643853389557
0.17015543301978597
0.10053324683749598
0.13599299383717167
0.4284277975997406
0.3829139150178398
0.3052916639636718
0.3051835549789168
0.23739922153746362
0.12734427505676305
0.1641013298735
0.3068051897502433
0.2852915017839768
0.1298307817061305
0.1885339604281545
0.1561012650016218
0.2192369120986053
0.28939964320467093
0.2177233863120338
0.2436695426532599
0.295561855335712
0.29783214401556934
0.2660481024975674
0.26550755757379185
0.25102095361660726
0.16766892637041853
0.22010178397664626
0.27696710995783336
0.334372980862796
0.272642750567629
0.2794536166072008
0.37318410638988
0.292642912747324
0.3608596821277976
0.2951294193966917
0.3132917288355499
0.321399902692183
0.29307534868634455
0.6086454751865069
0.4224818034382096
0.2661562114823225
0.26583188452805717
0.26042643529030174
0.2777238728511191
0.26226428803113866
0.4106979240999029
0.3278864417774896
0.39869782679208554
0.4369684073953941
0.23177755433019798
0.3927518326305548
0.2274531949399936
0.18626367174829717
0.2872374635095687
0.1526417774894584
0.3057240999026922
0.2676697372688941
0.2076692507298088
0.12042530003243601
0.14420927667855987
0.17761495296788854
0.13404703211157976
0.11069549140447632
0.1590202075900098
0.15664180992539745
0.28799422640285444
0.2351289328576064
0.2514533895556278
0.24042627311060671
0.1625878040869284
0.14702011028219275
0.10593869607525142
0.14193898799870264
0.2189125851443401
0.300426759649692
0.32021070385987693
0.1624796951021733
0.16302024002594884
0.2062638339279923
0.23296675316250415
0.15880398962049969
0.14831741809925403
0.21415578981511518
0.17815549789166396
0.14420927667855987
0.2593453454427507
0.21512877067791114
0.24550739539409672
0.23588569575089202
0.21231793707427837
0.26053454427505685
0.3131836198507947
0.23815598443074926
0.2790211806681804
0.2336154070710348
0.20172325656827772
0.20248001946156358
0.14550658449562115
0.32853509568602024
0.10204677262406758
0.36421106065520603
0.3361027246188777
0.12799292896529357
0.23653434965942277
0.19437184560493026
0.0895061303924749
0.251777716509893
0.14691200129743764
0.1493985079468051
0.246804703211158
0.25372367823548503
0.3909139798897179
0.2352370418423615
0.21026386636393135
0.24756146610444374
0.21988556600713605
0.3810760622770031
0.3591299383717159
0.2724265325981188
0.20529085306519623
0.24561550437885182
0.297507817061304
0.261723743107363
0.32583237106714247
0.2822644502108337
0.311345767109958
0.315453908530652
0.2983726889393449
0.34475144339928643
0.29285913071683434
0.23037213752838148
0.12269558871229336
0.35934615634122613
0.3103727862471619
0.32237288355497906
0.341291955887123
0.19772322413233867
0.20983143042491081
0.2176152773272787
0.3281026597469998
0.2692913720402207
0.3359946156341227
0.3651840415180021
0.2952375283814468
0.19566915342199154
0.1884258514433994
0.2552372040220565
0.2780481998053844
0.23145322737593255
0.1559931560168668
0.24129114498864745
0.14107411612066167
0.15080392474862148
0.15815533571196894
0.2513452805708727
0.16139860525462224
0.15956075251378532
0.25577774894583216
0.22280450859552392
0.19058803113850153
0.23902085630879022
0.2110206292572171
0.2826968861498541
0.34648118715536835
0.23102079143691223
0.2712373337658126
0.21134495621148242
0.22334505351929945
0.3553461239052871
0.24139925397340256
0.20864223159260464
0.1655067466753164
0.21837204022056445
0.15134446967239712
0.24064249108011693
0.18453392799221546
0.26702108336036334
0.2877780084333442
0.3130755108660397
0.25545342199156673
0.2853996107687319
0.318480960103795
0.33004862147259173
0.3186971780733052
0.43588731754784305
0.3330756730457347
0.4563199156665587
0.44540090820629263
0.3835625689263704
0.35264339928640953
0.38896801816412596
0.4948067142393773
0.3682110930911451
0.4743741161206618
0.36594080441128773
0.5420503405773598
0.5428071034706456
0.5003202724618878
0.421941258514434
0.4243196561790463
0.4740497891663964
0.42940077846253644
0.36140022705157326
0.3508055465455726
0.34680551410963356
0.42767103470645496
0.35145420045410325
0.5065905935776842
0.3584812844631853
0.3194539409665911
0.4414008757703536
0.2809671423937724
0.22831806681803446
0.3087511514758352
0.3681029841063901
0.38367067791112563
0.3926437236457998
0.31221063898799883
0.3277783327927344
0.24150736295815778
0.2910212779759975
0.2616156341226079
0.20993953940966603
0.21318280895231934
0.2645345767109959
0.27685900097307825
0.341291955887123
0.3250756081738566
0.3798868634446968
0.35599477781381794
0.2764265650340578
0.29285913071683434
0.2693994810249757
0.25729127473240354
0.3654002594875123
0.3350216347713266
0.29923756081738584
0.41794122607849493
0.23610191372040235
0.19210155692507302
0.24258845280570884
0.3348054168018164
0.24421008757703544
0.16518241972105108
0.17826360687641918
0.16712838144664288
0.03891112552708409
0.08183039247486223
0.13869571845604933
0.11869555627635431
0.12874969185857943
0.27080489782679207
0.20680437885176783
0.2713454427505677
0.08053308465780096
0.13718219266947784
0.16820947129419406
0.17675008108984758
0.32712967888420375
0.2645345767109959
0.28648070061628295
0.23577758676613692
0.19696646123905304
0.3681029841063901
0.27502114823224133
0.1593445345442751
0.1395605903340903
0.15880398962049969
0.22626399610768744
0.21177739215050284
0.15685802789490766
0.09415481673694459
0.20593950697372698
0.2683183911774246
0.1479930911449887
0.15815533571196894
0.22161530976321764
0.18918261433668515
0.1399930262731106
0.24053438209536182
0.25091284463185215
0.17977713266299067
0.15231745053519308
0.2076692507298088
0.3022646123905287
0.2675616282841389
0.24637226727213757
0.2128584819980539
0.24139925397340256
0.25566963996107706
0.29026451508271167
0.23469649691858585
0.1932907557573792
0.24712903016542342
0.2112368472267273
0.2598858903665261
0.4025897502432696
0.2968591631527733
0.2530750243269543
0.10312786247161865
0.10464138825819014
0.19610158936101207
0.23804787544599415
0.251777716509893
0.3023727213752838
0.25923723645799557
0.16183104119364256
0.12107395394096665
0.16647972753811235
0.2649670126500163
0.2918861498540384
0.2684265001621797
0.21469633473889083
0.21534498864742146
0.1736149205319495
0.23156133636068765
0.0957764515082713
0.12604696723970177
0.1788041518001947
0.2305883554978918
0.19912864093415517
0.25610207590009737
0.15469584819980553
0.1913447940317874
0.08107362958157638
0.1963178073305223
0.18799341550437887
0.1266956211482323
0.24637226727213757
0.1738311385014596
0.1395605903340903
0.19750700616282846
0.1594526435290302
0.21685851443399295
0.11318199805384377
0.13847950048653912
0.16345267596496926
0.2581561466104445
0.18129065844956216
0.16431754784301023
0.19307453778786898
0.21999367499189115
0.26345348686344483
0.14237142393772317
0.22464236133636073
0.2436695426532599
0.27480493026273123
0.6414024975673047
0.35794073953940964
0.27523736620175165
0.2972915990917938
0.2226963996107688
0.16918245215699002
0.18972315926046068
0.24885877392150513
0.2971834901070387
0.2956699643204671
0.37318410638988
0.3231296464482647
0.29923756081738584
0.3970761920207593
0.30312948426856967
0.321399902692183
0.303453811222835
0.31880528705806044
0.42961699643204687
0.3350216347713266
0.44259007460265987
0.4353467726240674
0.39891404476159575
0.4883201751540709
0.42626561790463846
0.4888607200778463
0.3315621472591632
0.3891842361336362
0.3375081414206942
0.37275167045085955
0.3971843010055143
0.34507577035355186
0.24972364579954598
0.3003186506649369
0.24939931884528066
0.3232377554330199
0.1625878040869284
0.11458741485566015
0.3538325981187156
0.2241018164125853
0.2873455724943238
0.195020499513461
0.25923723645799557
0.1656148556600715
0.16193915017839777
0.19858809601037952
0.18723665261109323
0.23729111255270852
0.20431787220240027
0.19610158936101207
0.33242701913720407
0.24042627311060671
0.33512974375608184
0.2163179695102173
0.25069662666234194
0.18723665261109323
0.1528579954589686
0.29015640609795657
0.2191288031138502
0.17642575413558237
0.30453490107038594
0.1901555951994811
0.2845347388906909
0.24745335711968874
0.24053438209536182
0.14269575089198838
0.1788041518001947
0.19458806357444058
0.16680405449237767
0.17502033733376599
0.32226477457022384
0.3395622121310413
0.16496620175154075
0.195020499513461
0.16377700291923458
0.18139876743431727
0.27199409665909846
0.2162098605254622
0.5049689588063575
0.24118303600389235
0.17588520921180673
0.15004716185533584
0.11988475510866048
0.06215455724943242
0.11069549140447632
0.16291213104119362
0.20388543626337985
0.2291829386960753
0.2515614985403829
0.26031832630554663
0.19275021083360377
0.29296723970158944
0.22193963671748307
0.16442565682776522
0.21556120661693168
0.2844266299059359
0.18723665261109323
0.16939867012650023
0.25545342199156673
0.22172341874797274
0.15015527084009095
0.12323613363606889
0.12150638987998708
0.10972251054168036
0.17934469672397035
0.1217226078494974
0.15718235484917298
0.10064135582225109
0.15783100875770362
0.2744806033084659
0.23491271488809617
0.23329108011676947
0.2096152124554006
0.30464301005514116
0.19858809601037952
0.31394038274408054
0.14020924424262093
0.1236685695750892
0.12853347388906922
0.07653305222186191
0.08637096983457682
0.2011827116445023
0.22950726565034074
0.09999270191372056
0.2565345118391178
0.47988767434317237
0.3619407719753487
0.23664245864417777
0.19296642880311388
0.24496685047032118
0.272642750567629
0.37567061303924754
0.49437427830035685
0.4043194939993513
0.5578342523516056
0.33199458319818365
0.28291310411936443
0.2791292896529355
0.1593445345442751
0.1849663639312359
0.21383146286084986
0.16204725916315288
0.18864206941290962
0.21502066169315603
0.17307437560817396
0.12247937074278303
0.19523671748297122
0.3421568277651639
0.24453441453130076
0.18258796626662344
0.2418316899124231
0.20420976321764517
0.1316686344469673
0.17642575413558237
0.09296561790463842
0.19037181316899132
0.20658816088225773
0.22291261758027903
0.11188469023678249
0.14183087901394753
0.18291229322088887
0.08842504054492384
0.18075011352578663
0.21556120661693168
0.220858546869932
0.14420927667855987
0.1917772299708077
0.24118303600389235
0.2550209860525463
0.14993905287058074
0.15177690561141755
0.22334505351929945
0.17091219591307183
0.19858809601037952
0.24637226727213757
0.2337235160557899
0.17026354200454108
0.0895061303924749
0.27977794356146624
0.3639948426856958
0.28637259163152784
0.246804703211158
0.19577726240674675
0.24042627311060671
0.2112368472267273
0.20237191047680847
0.12756049302627315
0.18150687641907248
0.1752365553032762
0.28031848848524166
0.2290748297113202
0.23296675316250415
0.2501560817385664
0.3118863120337334
0.2371830035679534
0.2125341550437886
0.30983224132338627
0.3752381771002271
0.29826457995458977
0.15177690561141755
0.13783084657800848
0.17620953616607216
0.18734476159584834
0.31102144015569255
0.2601021083360364
0.27966983457671113
0.28788611741809933
0.2581561466104445
0.1756689912422965
0.16334456698021416
0.13847950048653912
0.17664197210509247
0.1914529030165425
0.2742643853389557
0.20269623743107368
0.180101459617256
0.2531831333117094
0.24561550437885182
0.21404768083036008
0.25242637041842375
0.454806389879987
0.5368611093091147
0.22615588712293222
0.26193996107687323
0.11956042815439516
0.06734378851767775
0.17080408692831672
0.22334505351929945
0.21880447615958498
0.2549128770677912
0.18237174829711322
0.17891226078494982
0.21880447615958498
0.20172325656827772
0.09826295815763875
0.2632372688939345
0.2483182289977296
0.17296626662341885
0.1755608822575414
0.14712821926694786
0.2597777813817711
0.13566866688290624
0.14247953292247828
0.5225907233214402
0.6754568277651638
0.1997772948426857
0.19361508271164463
0.1460471294193968
0.08172228349010713
0.1719932857606229
0.21383146286084986
0.19534482646772633
0.19350697372688952
0.2173990593577685
0.1562093739863769
0.23826409341550447
0.3445352254297762
0.28312932208887454
0.3749138501459619
0.2758860201102823
0.3228053194939995
0.2742643853389557
0.18712854362633813
0.1562093739863769
0.2758860201102823
0.1623715861174182
0.3196701589361013
0.3168593253324685
0.24896688290626012
0.2371830035679534
0.2904807330522219
0.26896704508595537
0.39480590334090193
0.3591299383717159
0.32215666558546885
0.22118287382419732
0.2943726565034058
0.1559931560168668
0.23966951021732086
0.28042659746999676
0.21869636717482988
0.22712886798572818
0.17296626662341885
0.203020564385339
0.13772273759325337
0.10799276678559855
0.2015070385987675
0.22129098280895243
0.3315621472591632
0.44572523516055806
0.3470217320791438
0.42442776516380154
1.0
0.09739808627959778
0.12237126175802793
0.27685900097307825
0.22366938047356477
0.18377716509892972
0.1818312033733378
0.15026337982484606
0.30842682452157
0.1918853389555628
0.30269704832954925
0.16853379824845938
0.08528987998702564
0.14810120012974382
0.14334440480051902
0.14831741809925403
0.18453392799221546
0.21956123905287062
0.1690743431722349
0.2536155692507299
0.19891242296464484
0.14702011028219275
0.19761511514758356
0.19761511514758356
0.18420960103795014
0.1399930262731106
0.18258796626662344
0.1624796951021733
0.14529036652611094
0.17123652286733704
0.18896639636717483
0.16096616931560181
0.17934469672397035
0.22950726565034074
0.09718186831008768
0.15166879662666244
0.10788465780084344
0.0830195913071684
0.09858728511190407
0.07664116120661701
0.1786960428154396
0.09739808627959778
0.1138306519623743
0.16993921505027576
0.0961007784625365
0.11566850470321122
0.1445336036328253
0.0891818034382097
0.10280353551735333
0.17091219591307183
0.29145371391501784
0.2403181641258515
0.24345332468374958
0.11469552384041526
0.30302137528381456
0.3539407071034708
0.2675616282841389
0.00010000000000010001
0.272642750567629
0.38204904313979915
0.22648021407719765
0.37383276029841084
0.3164268893934481
0.28194012325656836
0.3411838469023678
0.27339951346091484
0.31707554330197874
0.1852906908855012
0.2319937722997082
0.15999318845280586
0.3210755757379178
0.4216169315601688
0.3152376905611418
0.2091827765163803
0.36940029192345136
0.2744806033084659
0.26399403178722025
0.17977713266299067
0.2550209860525463
0.34507577035355186
0.3439946805060008
0.16183104119364256
0.3198863769056115
0.16150671423937735
0.19902053194940006
0.23393973402530022
0.25383178722024013
0.25761560168666886
0.3861571845604932
0.20669626986701273
0.334264871878041
0.22691265001621808
0.3428054816736945
