0.1717821441199352
0.1717821441199352
0.4020822855526486
0.5253285694081042
0.4742764655964925
0.35661621526058995
0.35661621526058995
0.31086730782830096
0.3086753199915142
0.3185039106145253
0.3248677462697125
0.33957527756170025
0.3817887207411075
0.3817887207411075
0.28527054663743745
0.2757955024397145
0.29842247365815733
0.3160290856375081
0.32267575843292573
0.3472118803479246
0.3472118803479246
0.2701387596351038
0.25825959974542134
0.33109016335478414
0.3989710770101127
0.3955063220422885
0.3784653843433988
0.3784653843433988
0.34226223039389037
0.3344134997524929
0.30542269287886303
0.2732499681776397
0.2862604766282443
0.3773340357824766
0.3773340357824766
0.31829178275935244
0.3013215543455203
0.2755126652994839
0.24114795276147394
0.25076441552931217
0.361424446644509
0.361424446644509
0.29835176437309974
0.27530053744431116
0.31942313132027456
0.3899909978077931
0.3920415670744646
0.4485382858355138
0.4485382858355138
0.5134494095184218
0.542935181387455
0.48226661480800526
0.364323527331872
0.364323527331872
0.3129885863800298
0.31256433066968414
0.3473532989180399
0.36665693373877395
0.36658622445371636
0.36651551516865877
0.36651551516865877
0.3385853475708933
0.3370297432996253
0.29099799872710586
0.260239459727035
0.27268429389717863
0.30973595926737874
0.30973595926737874
0.31482702779152827
0.31532199278693185
0.28534125592249504
0.26130009900289963
0.29531126511562145
0.4258406053320134
0.4258406053320134
0.3646770737571601
0.3546363552789761
0.28781608089951227
0.22368275935223836
0.2374003606534193
0.3085339014213989
0.3085339014213989
0.3832736157273178
0.4002438441411499
0.3633335973410652
0.32104944487660014
0.30485701859840186
0.1830249204440989
0.1830249204440989
0.2176724701223396
0.22806673502581165
0.270280178205219
0.32826179195247884
0.32946384979845855
0.34395925323527354
0.34395925323527354
0.2893009758857227
0.2685831553638358
0.30987737783749403
0.37811183791811065
0.3771219079273037
0.3432521603846971
0.3432521603846971
0.2745934445937348
0.24249142917756894
0.26398705183508964
0.3071197157202462
0.3071197157202462
0.253097821936214
0.25232001980058005
0.34537343893642614
0.3985468212997667
0.3574647266812815
0.2556433561982888
0.2556433561982888
0.20855097234990472
0.20558118237748413
0.215834028710841
0.22290495721660442
0.204449833816562
0.1472460222049362
0.1472460222049362
0.24235001060745365
0.2533806590764446
0.2230463757867197
0.19794457959125966
0.21385416872922725
0.277633943851213
0.277633943851213
0.3660912594583128
0.3815765928859346
0.3315144190651299
0.28215933809490157
0.27409847959833133
0.2301880135775407
0.2301880135775407
0.3042913443179409
0.32196866558234927
0.3315144190651299
0.34268648610423613
0.33780754543525937
0.29821034580298444
0.29821034580298444
0.27834103670178933
0.27211861961671757
0.233016384979846
0.17786314263489167
0.18571187327628902
0.2972204158121775
0.2972204158121775
0.2061468566579452
0.17043866770384009
0.1743983876670676
0.18118647903260043
0.18097435117742755
0.17079221412912826
0.17079221412912826
0.18238853687858025
0.18804527968319096
0.18981301180963184
0.19356060391768637
0.19356060391768637
0.2627849939891099
0.2643405982603778
0.39939533272045846
0.4788725691252389
0.4286689767343187
0.3001194964995405
0.3001194964995405
0.2445419984442403
0.24058227848101288
0.2975739622374657
0.33801967329043225
0.30832177356622603
0.21222785517290166
0.21222785517290166
0.21392487801428484
0.21413700586945783
0.16506476203945997
0.12334628385545598
0.14222566296584427
0.2217736086556822
0.2217736086556822
0.20070224170850737
0.19674252174527984
0.19554046389930013
0.19426769676826272
0.19808599816137495
0.2202180043844143
0.2202180043844143
0.17241852768545385
0.16046865851071368
0.19525762675906955
0.2374003606534193
0.23223858284421206
0.18769173325790278
0.18769173325790278
0.1960354288947035
0.1987930910119513
0.17849952620041043
0.1489430450463194
0.15205425358885538
0.202894229545294
0.202894229545294
0.1730549112509726
0.16096362350611715
0.15488262499116068
0.14427623223251562
0.14441765080263091
0.15566042712679473
0.15566042712679473
0.11288130966692622
0.09145639629446323
0.1031234283289727
0.12815451523937516
0.12815451523937516
0.27940167597765375
0.28392707022134245
0.19695464960045284
0.14413481366240033
0.15290276500954691
0.17623682907856608
0.17623682907856608
0.1815400254578886
0.1819642811682345
0.13204352591754498
0.09548682554274823
0.10849733399335282
0.15212496287391297
0.15212496287391297
0.1518421257336824
0.1518421257336824
0.14215495368078668
0.13366983947387057
0.12702316667845293
0.097466685524362
0.097466685524362
0.1630141927727886
0.17574186408316272
0.16421625061876832
0.15212496287391297
0.15990298423025273
0.20770246092921318
0.20770246092921318
0.17255994625556914
0.16336773919807668
0.19985373028781583
0.24546121914998964
0.2431278127430877
0.22064226009476018
0.22064226009476018
0.22431914291775712
0.22559191004879453
0.21512693586026466
0.19950018386252766
0.19419698748320513
0.09718384838413152
0.09718384838413152
0.15396340428541144
0.17786314263489167
0.17552973622798984
0.17114576055441644
0.17100434198430114
0.1430741743865358
0.1430741743865358
0.2431985220281453
0.29488700940527557
0.32196866558234927
0.3819301393112229
0.3819301393112229
0.23061226928788647
0.2248141079131606
0.22120793437522124
0.2188745279683193
0.19709606817056813
0.13692246658652163
0.13692246658652163
0.09287058199561582
0.088981571317446
0.10977010112439034
0.12546756240718504
0.12963941022558545
0.1443469415175732
0.1443469415175732
0.1731963298210878
0.1773681776394882
0.19490408033378148
0.21074296018669136
0.19249996464182184
0.10828520613818005
0.10828520613818005
0.15127645145322144
0.16011511208542561
0.19843954458666313
0.23980447634537894
0.21420771515451542
0.04690954670815384
0.04690954670815384
0.10856804327841052
0.12539685312212734
0.1260332366876461
0.12681103882328004
0.1260332366876461
0.11804308747613346
0.11804308747613346
0.14936730075666527
0.1603979492256561
0.16209497206703938
0.1647112156141718
0.16499405275440238
0.1718528534049928
0.1718528534049928
0.18281279258892602
0.18762102397284508
0.1976617424510292
0.21647041227635977
0.21647041227635977
0.18394414114984814
0.18394414114984814
0.20395486882115854
0.2145612615798036
0.1777217240647765
0.0930827098507887
0.0930827098507887
0.1688830634325722
0.17234781840039626
0.1631556113429038
0.15721603139806262
0.1331041651934095
0.06423332154727412
0.06423332154727412
0.13543757160031134
0.14236708153595945
0.12575039954741563
0.11288130966692622
0.11655819248992316
0.13006366593593122
0.13006366593593122
0.18380272257973296
0.19200499964641848
0.2784117459868469
0.3584546566720884
0.32225150272257996
0.14561970864861074
0.14561970864861074
0.23697610494307353
0.25670399547415335
0.31107943568347385
0.3713237465525777
0.3416965561134292
0.1361446644508877
0.1361446644508877
0.2486431369775831
0.2806744431086913
0.37252580439855754
0.4944286118379182
0.4819130683827171
0.3404944982674494
0.3404944982674494
0.374364245810056
0.38666766141008435
0.3028771586167882
0.16923660985786038
0.16789313344176537
0.13338700233363998
0.13338700233363998
0.3369590340145677
0.4289518138745494
0.3891424863871016
0.3121400749593384
0.3121400749593384
0.1673274591613042
0.16640823845555497
0.15353914857506568
0.14646822006930227
0.1416599886853832
0.13006366593593122
0.13006366593593122
0.202894229545294
0.20685394950852154
0.2188038186832616
0.22679396789477424
0.19257067392687943
0.09089072201400206
0.09089072201400206
0.11952798246234375
0.12256848171982204
0.13473047874973498
0.14441765080263091
0.12907373594512428
0.07059715720246118
0.07059715720246118
0.1644283784739412
0.17970158404639014
0.17517618980270155
0.17079221412912826
0.16563043631992103
0.13904374513825069
0.13904374513825069
0.17043866770384009
0.17758030549466108
0.14123573297503733
0.09987080121632153
0.09980009193126393
0.09909299908068758
0.09909299908068758
0.1701558305636096
0.19129790679584213
0.17121646983947403
0.14378126723711215
0.14342772081182398
0.13861948942790492
0.13861948942790492
0.16951944699809085
0.18111576974754284
0.11500258821865528
0.006110289229899146
0.005898161374726263
0.00010000000000026654
0.00010000000000026654
0.048606569549537015
0.07116283148292224
0.06642530938406077
0.05687955590128024
0.05687955590128024
0.0060395799448415555
0.005261777809207557
0.01572675199773732
0.02166633194257861
0.043161954600099306
0.0960524998232094
0.0960524998232094
0.08000149211512653
0.07901156212431959
0.1786409447705256
0.24701682342125753
0.24249142917756894
0.22842028145109983
0.22842028145109983
0.24072369705112817
0.24206717346722317
0.20261139240506354
0.1700851212785519
0.1673981684463619
0.15657964783254386
0.15657964783254386
0.14625609221412927
0.1444883600876885
0.13232636305777545
0.12044720316809299
0.12002294745774722
0.11790166890601828
0.11790166890601828
0.18967159323951654
0.20671253093840625
0.20006585814298872
0.19221712750159137
0.1975203238809139
0.23994589491549412
0.23994589491549412
0.1830249204440989
0.16548901774980573
0.19221712750159137
0.22983446715225253
0.22064226009476018
0.09287058199561582
0.09287058199561582
0.09789094123470787
0.09987080121632153
0.09944654550597576
0.09866874337034182
0.09965867336114864
0.14250850010607474
0.14250850010607474
0.198651672441836
0.2257333286189097
0.205793310232657
0.1646405063291141
0.1646405063291141
0.22842028145109983
0.22983446715225253
0.23188503641892388
0.2330870942649037
0.19985373028781583
0.11507329750371287
0.11507329750371287
0.11443691393819411
0.11443691393819411
0.18917662824411308
0.24206717346722317
0.23973376706032123
0.23223858284421206
0.23223858284421206
0.18938875609928596
0.18408555971996343
0.1973789053107986
0.20869239092002
0.2101772859062303
0.21654112156141736
0.21654112156141736
0.16287277420267332
0.1530441835796622
0.19278280178205243
0.2329456756947884
0.21965233010395324
0.14328630224170869
0.14328630224170869
0.20558118237748413
0.22106651580510595
0.24369348702354876
0.27098727105579534
0.26695684180751034
0.23202645498903918
0.23202645498903918
0.4030015062583977
0.45801333003323685
0.42506280319637946
0.3773340357824766
0.36396998090658383
0.1518421257336824
0.1518421257336824
0.15113503288310604
0.15085219574287556
0.1700851212785519
0.20374274096598566
0.2030356481154093
0.1544583692808149
0.1544583692808149
0.3489796124743654
0.445992751573439
0.4475483558447071
0.45094240152747345
0.45094240152747345
0.263350668269571
0.25790605332013317
0.22771318860052348
0.20939948377059636
0.18981301180963184
0.13791239657732857
0.13791239657732857
0.14363984866699697
0.14406410437734274
0.15643822926242867
0.16548901774980573
0.17234781840039626
0.19511620818895437
0.19511620818895437
0.18542903613605843
0.18415626900502113
0.18846953539353672
0.19228783678664896
0.19851025387172072
0.22580403790396741
0.22580403790396741
0.23938022063503306
0.24192575489710788
0.22997588572236782
0.2174603422671666
0.22926879287179147
0.3012508450604626
0.3012508450604626
0.24227930132239606
0.22693538646488953
0.23188503641892388
0.23810745350399565
0.24291568488791482
0.28795749946962756
0.28795749946962756
0.3485553567640197
0.3688489215755605
0.3555555759847254
0.3356862668835303
0.33229222120076396
0.271835782476487
0.271835782476487
0.5753200339438512
0.7023846191924192
0.5617438512127857
0.3074732621455344
0.3088167385616295
0.4943579025528605
0.4943579025528605
0.4730036984654551
0.46204375928152197
0.47074100134361097
0.4899032175942296
0.4899032175942296
0.4183454211159042
0.4156584682837141
0.4426694151757302
0.45949822501944715
0.416294851849233
0.29771538080758086
0.29771538080758086
0.33504988331801167
0.33830251043066284
0.3301709426490349
0.32401923484902073
0.3420501025387175
0.40498136624001146
0.40498136624001146
0.303301414327134
0.2888060108903191
0.3418379746835444
0.38949603281238965
0.38383929000777894
0.3577475638215122
0.3577475638215122
0.4503767272470124
0.46925610635740067
0.4032843433986283
0.33243363977087925
0.3420501025387175
0.4043449826744927
0.4043449826744927
0.42082024609292146
0.42527493105155234
0.43969962520330963
0.45822545788840974
0.4631043985573864
0.5126716073827877
0.5126716073827877
0.47109454776889903
0.45659914433208415
0.46960965278268874
0.48954967116894155
0.4932265539919385
0.5712188954105085
0.5712188954105085
0.5744008132381021
0.5757442896541972
0.521298140159819
0.4198303161021145
0.4198303161021145
0.4774583834240862
0.4774583834240862
0.4471241001343612
0.43100238314122075
0.4020822855526486
0.3359691040237608
0.3359691040237608
0.4015166112721874
0.404486401244608
0.45801333003323685
0.49244875185630443
0.4742057563114349
0.42244655964924704
0.42244655964924704
0.49662059967470484
0.5037622374655258
0.4775998019942015
0.4573062371826604
0.4404774273389437
0.3791724771939752
0.3791724771939752
0.4228708153595928
0.42951748815501045
0.43192160384697
0.4341135916837565
0.4316387667067394
0.41975960681705693
0.41975960681705693
0.3904859628031966
0.3841928364330671
0.4117694576055443
0.44224515946538445
0.4370833816561772
0.4020115762675909
0.4020115762675909
0.46225588713669485
0.47929682483558467
0.47830689484477773
0.4769634184286826
0.46960965278268874
0.3873747542606606
0.3873747542606606
0.4227293967894775
0.4355277773849092
0.4643064564033662
0.5100553638356552
0.5089947245597909
0.482690870518351
0.482690870518351
0.4843171840746765
0.48509498621031055
0.47349866346085867
0.45108382009758874
0.45108382009758874
0.6011289229898875
0.6019774344105793
0.5435715649529738
0.5115402588218655
0.5337429743299626
0.5861385545576694
0.5861385545576694
0.6689391273601586
0.6733231030337319
0.7921147019305566
0.8708848454847606
0.9035525351813873
1.0
1.0
0.9320483770596137
0.9249774485538504
0.885309539636518
0.8537024892157556
0.8272572166042005
0.7267793225373029
0.7267793225373029
0.6157657449968179
0.597805586592179
0.5945529594795278
0.5915124602220496
0.5955428894703345
0.6160485821370485
0.6160485821370485
0.5463292270702215
0.5307024750724844
0.5207324658793581
0.5094189802701367
0.5082876317092144
0.5000146453574712
0.5000146453574712
0.4829737076585815
0.47795334841948955
0.439063241637791
0.3861019871296232
0.3931022063503289
0.47965037126087273
0.47965037126087273
0.5080755038540415
0.5187526058977443
0.5616024326426704
0.6318874619899584
0.6327359734106499
0.6590398274520897
0.6590398274520897
0.5246921858425856
0.46232659642175244
0.4729329891803975
0.49407506541263
0.49407506541263
0.5152878509299202
0.5155706880701507
0.4772462555689132
0.4555385050562196
0.46939752492751585
0.5033379817551802
0.5033379817551802
0.3489796124743654
0.33957527756170025
0.4884183226080193
0.5901689838059545
0.5592690262357685
0.4643771656884238
0.4643771656884238
0.5159949437804966
0.5217931051552226
0.5160656530655542
0.5113988402517503
0.5106917474011741
0.5077926667138111
0.5077926667138111
0.39649625203309546
0.3773340357824766
0.4392046602079063
0.4998025175022983
0.4959842161091862
0.4754785234424723
0.4754785234424723
0.5843708224312285
0.6100382929071495
0.5143686302241709
0.40222370412276376
0.40377930839403176
0.4161534332791177
0.4161534332791177
0.38355645286754847
0.37358644367442206
0.4186282582561347
0.4817716498126019
0.48064030125167967
0.46501354925394256
0.46501354925394256
0.46260943356198303
0.4616902128562337
0.41551704971359893
0.3373832897249135
0.33978740541687313
0.4416794851849234
0.4416794851849234
0.5507132027437948
0.6030380736864438
0.5349450321759425
0.3947285199066546
0.3947285199066546
0.42923465101477987
0.4299417438653562
0.6087655257761122
0.7132031398062373
0.6360593098083587
0.4405481366240013
0.4405481366240013
0.37789971006293777
0.3735157343893645
0.46939752492751585
0.5369956014426137
0.5340965207552507
0.5246921858425856
0.5246921858425856
0.38956674209744735
0.3730207693939609
0.4227293967894775
0.4647307121137121
0.4278204653136273
0.27409847959833133
0.27409847959833133
0.29227076585814327
0.2955941022558519
0.33512059260306926
0.3749299200905172
0.38108162789053124
0.4162241425641753
0.4162241425641753
0.5345914857506543
0.5638651297645146
0.5105503288310588
0.44634629799872727
0.4355277773849092
0.34388854395021584
0.34388854395021584
0.4616902128562337
0.49937826179195266
0.46918539707234297
0.4254870589067252
0.41975960681705693
0.3305951983593808
0.3305951983593808
0.28979594088112604
0.2733206774626974
0.35541415741461013
0.4984590410862033
0.4990954246517221
0.5391168799943429
0.5391168799943429
0.43800260236192645
0.38779900997100647
0.38680907998019953
0.3847585107135283
0.3847585107135283
0.4417501944699811
0.4433057987412491
0.32946384979845855
0.26080513400749616
0.2659669118167034
0.27961380383282675
0.27961380383282675
0.27501770030408057
0.2746641538787924
0.28505841878226457
0.29255360299837374
0.30535198359380544
0.34806039176861625
0.34806039176861625
0.33526201117318455
0.33356498833180137
0.32663547839615326
0.3205544798811967
0.30839248285128373
0.25507768191782776
0.25507768191782776
0.2885938830351462
0.29502842797539097
0.37683907078707324
0.4618316314263491
0.4399117530584825
0.3074732621455344
0.3074732621455344
0.2672396789477408
0.25691612332932634
0.31390780708577914
0.3845463828583552
0.3829907785870873
0.36856608443533
0.36856608443533
0.351383728166325
0.3456562760766567
0.3619901209249702
0.3863141149847962
0.3829200693020297
0.32267575843292573
0.32267575843292573
0.3444542182306769
0.35350500671805407
0.3374539990099711
0.3084631921363413
0.30839248285128373
0.3001194964995405
0.3001194964995405
0.4146685382929074
0.4733572448907434
0.5232780001414329
0.6330188105508805
0.6330188105508805
0.3246556184145394
0.31355426066049097
0.3141906442260096
0.3146148999363554
0.3029478679018459
0.27112868962591075
0.27112868962591075
0.2589666925959977
0.25790605332013317
0.2231877943568349
0.197308196025741
0.2002779859981616
0.21053083233151848
0.21053083233151848
0.20529834523725354
0.2045912523866772
0.2176724701223396
0.22933950215684906
0.21979374867406853
0.17616611979350838
0.17616611979350838
0.16117575136129003
0.15820596138886944
0.19653039389010696
0.2376124885085923
0.23676397708790065
0.23131936213846283
0.23131936213846283
0.2761490488650027
0.28824033660985804
0.2646234354006084
0.2344305706809987
0.239026674209745
0.28548267449261033
0.28548267449261033
0.2219150272257976
0.19992443957287342
0.2118743087476136
0.2302587228625983
0.23421844282582582
0.31680688777314214
0.31680688777314214
0.2688659925040664
0.24821888126723735
0.24100653419135865
0.22764247931546588
0.22764247931546588
0.22085438794993306
0.22085438794993306
0.2443298705890674
0.25670399547415335
0.260451587582208
0.2690074110741817
0.2690074110741817
0.28406848879145763
0.284775581642034
0.23252141998444253
0.1990052188671242
0.19377273177285925
0.1787823633406409
0.1787823633406409
0.2043791245315043
0.20678324022346384
0.2389559649246873
0.26370421469485905
0.24772391627183388
0.18995443037974702
0.18995443037974702
0.25111796195460034
0.2603101690120927
0.18267137401881084
0.11118428682554293
0.1261039459727037
0.19759103316597149
0.19759103316597149
0.12546756240718504
0.11012364754967852
0.1531856021497775
0.20063153242344978
0.1943384060533203
0.15120574216816374
0.15120574216816374
0.23280425712467312
0.2557847747684041
0.2543705890672514
0.25253214765575305
0.24800675341206435
0.19716677745562572
0.19716677745562572
0.26087584329255376
0.28371494236616945
0.3558384131249559
0.4700339084930345
0.4646600028286545
0.33109016335478414
0.33109016335478414
