0.6863356513817187
0.3598170361372608
0.21963467962344352
0.2422055572426357
0.23582903127846933
0.18491803826298192
0.3156874278773154
0.32671982994230153
0.23704360765259624
0.19564679623443648
0.1751002125721225
0.2513148800485877
0.28441208624354675
0.18046459155784988
0.20485733373823245
0.21872374734284827
0.31427042210750056
0.34868341937443037
0.34949313695718187
0.154047555420589
0.21396665654418445
0.3536429395687821
0.14777224415426649
0.22671970847251732
0.12914873975098673
0.23542417248709357
0.27388575766778
0.30040400850288473
0.36427048284239283
0.3151813543880959
0.24200312784694789
0.2460517157607044
0.17469535378074685
0.3060720315821438
0.14453337382326126
0.38754986334649244
0.1816791679319768
0.19210428180989958
0.2490881566960217
0.2480760097175826
0.29018132402064967
0.4252017309444276
0.3040477376252656
0.24200312784694789
0.32844047980564817
0.23552538718493765
0.3003027938050409
0.19524193744306084
0.22084925599757044
0.1725698451260247
0.20364275736410553
0.2868412389918007
0.381072122684482
0.20870349225630103
0.213359368357121
0.18835933798967486
0.15010018220467647
0.18866298208320664
0.3864365016702094
0.25101123595505603
0.3098169754023685
0.2711529608259944
0.31933115699969616
0.19321764348618264
0.1872459763133918
0.15414877011843287
0.2860315214090493
0.16842004251442444
0.14129450349225614
0.3005052232007287
0.12965481324020633
0.23744846644397188
0.15475605830549632
0.1902824172487092
0.2285415730337077
0.2492905860917095
0.21295450956574535
0.3861328575766778
0.29352140904949875
0.43795478287276035
0.4223677194047979
0.28744852717886404
0.2809707865168538
0.13299489826905542
0.2470638627391435
0.2868412389918007
0.3020234436683874
0.2341083814151228
0.17580871545702992
0.2620436380200424
0.292104403279684
0.1885617673853628
0.22732699665958078
0.296760279380504
0.1464564530822956
0.150505040996052
0.1548572730033403
0.13441190403887004
0.014168843000303522
0.16285323413300923
0.18684111752201626
0.22054561190403876
0.1786427269966594
0.27904770725781947
0.2703432432432431
0.17671964773762505
0.1680151837230487
0.14858196173701765
0.12985724263589415
0.1142701791679318
0.15931071970847233
0.17145648344974174
0.1545536289098085
0.053338931065897155
9.999999999976694e-05
0.0790474643182506
0.11973577285150294
0.10333899180078931
0.12165885211053729
0.09190173094442744
0.07469523231096242
0.0618409656847857
0.19949295475250517
0.2705456726389309
0.19088970543577266
0.1961528697236561
0.12813659277254763
0.13420947464318234
0.14989775280898865
0.05556565441846317
0.1565779228666867
0.1439260856361978
0.20870349225630103
0.24230677194047967
0.12844023686607942
0.038966443972061726
0.12024184634072266
0.06093003340419045
0.08754949893713926
0.12844023686607942
0.16710425144245356
0.10455356817491623
0.13815684785909488
0.17348077740661993
0.1538451260249012
0.23623389006984497
0.163156878226541
0.2437237777102944
0.19291399939265097
0.26082906164591535
0.23704360765259624
0.1327924688733676
0.1756062860613421
0.22874400242939552
0.19544436683874866
0.213359368357121
0.18562654114788935
0.208804706954145
0.3086023990282416
0.13997871242028526
0.2300597935013664
0.16022165198906757
0.11730662010324922
0.09868311569996935
0.1127519587002731
0.1499989675068325
0.1297560279380502
0.1865374734284846
0.12580865472213765
0.17682086243546902
0.15981679319769182
0.24149705435772828
0.2525294564227146
0.30900725781961724
0.269331096264804
0.4177118433039779
0.4983799574855754
0.2977724263589431
0.32520160947464305
0.46072808988764025
0.5762140601275432
0.33613279684178554
0.42985760704524734
0.1978735195870026
0.1826913149104159
0.16396659580929218
0.07590980868508934
0.15576820528393542
0.0392700880655934
0.15536334649255978
0.20759013058001807
0.2409909808685088
0.1594119344063163
0.1735819921044639
0.13410825994533837
0.2710517461281504
0.21447273003340406
0.2079949893713937
0.21214479198299407
0.17388563619799557
0.2103229274218037
0.1644726692985118
0.1801609474643181
0.1238855754631033
0.23947276040085008
0.16437145460066793
0.18866298208320664
0.18734719101123576
0.2062743395080472
0.21072778621317922
0.1816791679319768
0.08937136349832953
0.16356173701791665
0.15769128454296977
0.21093021560886704
0.26740801700576966
0.16730668083814138
0.12702323109626457
0.04706361979957463
0.13714470088065578
0.13552526571515322
0.13157789249924068
0.401618706346796
0.3441287579714545
0.3094121166109929
0.17327834801093212
0.22176018827816568
0.14028235651381693
0.15111232918311557
0.1831973883996354
0.1983795930762221
0.18036337686000592
0.13643619799574835
0.20212453689644683
0.029958335863953578
0.03866279987853005
0.10597057394473108
0.15526213179471593
0.14726617066504688
0.19261035529911918
0.1675091102338292
0.1147762526571513
0.15637549347099888
0.15951314910416015
0.05242799878530191
0.09261023382933486
0.08967500759186142
0.10242805952019418
0.07975596720315803
0.09210416034011526
0.13198275129061632
0.1327924688733676
0.23319744913452756
0.18461439416945025
0.22054561190403876
0.2511124506529
0.30192222897054344
0.21801524445794085
0.24696264804129964
0.282995080473732
0.22074804129972647
0.15060625569389596
0.25101123595505603
0.13188153659277235
0.07267093835408422
0.1380556331612509
0.17854151229881554
0.09453331308836899
0.16001922259337975
0.17186134224111738
0.21305572426358932
0.1434200121469782
0.17682086243546902
0.0638652596416639
0.16184108715457013
0.11184102641967786
0.13744834497418745
0.1228734284846642
0.16224594594594577
0.16811639842089265
0.08522156088672916
0.12337950197388381
0.13906778013969012
0.1548572730033403
0.17246863042818084
0.18582897054357717
0.20505976313392027
0.20161846340722722
0.14028235651381693
0.19807594898269043
0.04827819617370155
0.2032378985727299
0.09514060127543256
0.14331879744913434
0.13157789249924068
0.2764161251138778
0.0879543577285149
0.14362244154266612
0.04382474946856951
0.039978590950500825
0.08400698451260225
0.09929040388703292
0.09139565745520783
0.14756981475857855
0.21244843607652586
0.2406873367749771
0.10799486790160928
0.18916905557242614
0.09797461281506215
0.07570737928940152
0.16093015487397488
0.1816791679319768
0.1314766778013967
0.12823780747039148
0.1259098694199816
0.12236735499544471
0.24159826905557236
0.2673068023079258
0.15738764044943798
0.064877406620103
0.10354142119647713
0.09777218341937433
0.09999890677194034
0.13360218645611888
0.12884509565745506
0.11518111144852705
0.09888554509565728
0.14362244154266612
0.16609210446401446
0.16771153962951701
0.20394640145763732
0.2435213483146066
0.32418946249620384
0.11669933191618564
0.15769128454296977
0.19595044032796827
0.27631491041603395
0.28005985423625857
0.2571853325235346
0.33127449134527787
0.1933188581840265
0.27833920437291215
0.3468615548132401
0.17722572122684466
0.1464564530822956
0.24999908897661693
0.1884605526875187
0.3470639842089278
0.46508032189492843
0.27277239599149694
0.21922982083206788
0.15070747039173982
0.17368320680230775
0.13086938961433325
0.16528238688126318
0.183703461888855
0.2184201032493166
0.13775198906771924
0.10880458548436056
0.15273176434861802
0.10900701488004849
0.1616386577588823
0.15850100212572105
0.3266186152444577
0.1575900698451258
0.2725699665958091
0.4549588521105372
0.3677117825690859
0.30192222897054344
0.3876510780443363
0.3278331916185848
0.43694263589432114
0.2664970847251744
0.17692207713331287
0.12955359854236248
0.10688150622532622
0.08957379289401746
0.12135520801700561
0.09969526267840856
0.021557515942909
0.03835915578499827
0.08866286061342221
0.2686225933798966
0.14210422107500742
0.11933091406012741
0.2632582143941693
0.10435113877922852
0.08046447008806545
0.07186122077133295
0.08188147585788019
0.18178038262982066
0.1634605223200727
0.14402730033404176
0.10536328575766762
0.17580871545702992
0.09848068630428164
0.23471566960218637
0.21710431217734583
0.10607178864257505
0.10839972669298492
0.13339975706043095
0.206476768903735
0.1988856665654417
0.17854151229881554
0.1525293349529303
0.10647664743395058
0.13046453082295761
0.09291387792286654
0.1434200121469782
0.20536340722745206
0.14311636805344652
0.11113252353477054
0.15931071970847233
0.22925007591861501
0.14200300637716357
0.16184108715457013
0.14787345885211045
0.15333905253568159
0.21710431217734583
0.15394634072274505
0.208804706954145
0.28977646522927414
0.21123385970239894
0.17084919526267817
0.188258123291831
0.21609216519890662
0.10060619495900369
0.24342013361676262
0.2022257515942908
0.09139565745520783
0.04007980564834479
0.07651709687215291
0.14625402368660778
0.21852131794716045
0.1484807470391738
0.15070747039173982
0.14007992711812922
0.13167910719708453
0.22064682660188262
0.22874400242939552
0.15526213179471593
0.19271156999696315
0.09868311569996935
0.0975697540236864
0.11022159125417541
0.17115283935620995
0.21022171272395973
0.17297470391740033
0.16406781050713626
0.15880464621925272
0.18481682356513807
0.11771147889462474
0.12823780747039148
0.17145648344974174
0.19190185241421187
0.40597093835408415
0.18886541147889446
0.239675189796538
0.18299495900394758
0.15819735803218937
0.1705455511691465
0.12044427573641037
0.18582897054357717
0.18056580625569374
0.1228734284846642
0.1056669298511993
0.1791488004858789
0.195140722745217
0.21153750379593061
0.11882484057090781
0.22914886122077116
0.1168005466140295
0.22003953841481916
0.21922982083206788
0.20131481931369555
0.22479662921348298
0.13957385362890973
0.23471566960218637
0.17439170968721518
0.132286395384148
0.1127519587002731
0.1685212572122683
0.15313662313999377
0.10850094139082889
0.1961528697236561
0.1558694199817794
0.3101206194959003
0.14119328879441218
0.17196255693896123
0.1968613726085635
0.1606265107804432
0.21103143030671112
0.14605159429091996
0.217914029760097
0.26973595505617964
0.14129450349225614
0.1457479501973883
0.16528238688126318
0.1912945642271483
0.1717601275432734
0.13572769511084104
0.23947276040085008
0.22945250531430295
0.07874382022471893
0.11042402064986312
0.23987761919222583
0.1434200121469782
0.19564679623443648
0.22965493470999077
0.26285335560279366
0.23380473732159113
0.17206377163680509
0.17034312177345867
0.10283291831156982
0.21700309747950175
0.19605165502581212
0.1872459763133918
0.1515171879744911
0.0643713331308835
0.2300597935013664
0.20536340722745206
0.18005973276647413
0.08977622228970528
0.15313662313999377
0.16052529608259924
0.16032286668691142
0.17935122988156682
0.102630488915882
0.16771153962951701
0.21346058305496496
0.13036331612511376
0.1252013665350742
0.19858202247190992
0.1484807470391738
0.12327828727603996
0.23572781658062547
0.1011122684482233
0.34574819313695704
0.2748979046462191
0.1457479501973883
0.1259098694199816
0.14615280898876382
0.19352128757971432
0.3832988460370481
0.4657888247798361
0.258905982386881
0.23856182812025495
0.13572769511084104
0.2791489219556633
0.17935122988156682
0.16103136957181885
0.08765071363498311
0.19088970543577266
0.23633510476768882
0.1589058609170967
0.20556583662313976
0.24008004858791354
0.12074791982994215
0.07975596720315803
0.1513147585788034
0.20293425447919822
0.10404749468569674
0.24483713938657747
0.20435126024901284
0.19007998785302138
0.08137540236866059
0.19918931065897338
0.1988856665654417
0.21366301245065267
0.2703432432432431
0.2411934102641966
0.1865374734284846
0.14412851503188562
0.21912860613422402
0.1545536289098085
0.188258123291831
0.17469535378074685
0.13906778013969012
0.13613255390221668
0.2992906468266018
0.13238761008199185
0.1525293349529303
0.1373471302763435
0.1160920437291223
0.2189261767385361
0.11457382326146348
0.19929052535681735
0.15900707561494065
0.14665888247798342
0.10445235347707238
0.17064676586699046
0.1751002125721225
0.144938232614637
0.18198281202550848
0.22236747646522914
0.2300597935013664
0.20485733373823245
0.2743918311569996
0.18309617370179154
0.49342043729122365
0.1865374734284846
0.15313662313999377
0.1606265107804432
0.2868412389918007
0.3015173701791678
0.16082894017613092
0.14918924992408122
0.12601108411782547
0.0689259945338595
0.09048472517461259
0.17651721834193734
0.10708393562101415
0.08461427269966582
0.14918924992408122
0.15020139690252032
0.1700394776799269
0.24534321287579697
0.23643631946553278
0.07135514728211345
0.08906771940479785
0.18360224719101115
0.35030285453993315
0.30010036440935306
0.26163877922866674
0.12246856969328868
0.11012037655633145
0.12408800485879112
0.13026210142726968
0.14929046462192508
0.1730759186152443
0.16993826298208303
0.04240774369875466
0.06831870634679604
0.1314766778013967
0.07317701184330372
0.16254959003947755
0.2462541451563922
0.2184201032493166
0.2231771940479803
0.2987845733373822
0.4397766474339506
0.47287385362890966
0.40748915882174286
0.26740801700576966
0.19038363194655306
0.2359302459763133
0.1867399028241723
0.11123373823261451
0.12044427573641037
0.06649684178560566
0.12510015183723022
0.10951308836926799
0.06416890373519568
0.05080856361979946
0.08734706954145133
0.08663856665654401
0.07864260552687496
0.07317701184330372
0.004553446705131914
0.07105150318858156
0.12489772244154251
0.09949283328272074
0.08431062860613403
0.12712444579410853
0.12499893713938637
0.16224594594594577
0.165484816276951
0.20475611904038848
0.1147762526571513
0.07014057090798642
0.1946346492559975
0.29352140904949875
0.12823780747039148
0.17631478894624952
0.12054549043425433
0.03775186759793481
0.13694227148496796
0.2123472213786819
0.16173987245672616
0.21447273003340406
0.23289380504099588
0.1446345885211051
0.12722566049195239
0.32115302156088665
0.3737846644397207
0.31487771029456413
0.2740881870634678
0.15333905253568159
0.19352128757971432
0.15931071970847233
0.19827837837837825
0.035423929547524824
0.29018132402064967
0.18613261463710884
0.20860227755845717
0.2634606437898571
0.3468615548132401
0.2708493167324626
0.23552538718493765
0.2587035529911933
0.1666993926510778
0.13289368357121145
0.35566723352566054
0.2260112055876099
0.2346144549043424
0.32439189189189177
0.2862339508047371
0.4395742180382629
0.30495866990586085
0.11922969936228345
0.2442298511995139
0.15769128454296977
0.3279344063164287
0.3711530822957787
0.27327846948071655
0.1761123595505616
0.16133501366535064
0.23339987853021538
0.46659854236258713
0.33228663832371685
0.15263054965077416
0.24615293045854825
0.16254959003947755
0.0879543577285149
0.2165982386881261
0.20839984816276935
0.12833902216823556
0.2571853325235346
0.24767115092620695
0.3175092924385059
0.1705455511691465
0.1348167628302458
0.17327834801093212
0.2691286668691162
0.2229747646522926
0.2490881566960217
0.21680066808381393
0.24078855147282097
0.2541488915882173
0.18481682356513807
0.294432341330094
0.32499918007895534
0.37125429699362256
0.13724591557849963
0.17125405405405392
0.16427023990282408
0.2959505617977527
0.31983723048891566
0.2782379896750681
0.22064682660188262
0.1327924688733676
0.20759013058001807
0.2285415730337077
0.13410825994533837
0.23431081081081062
0.25809626480412984
0.26669951412086224
0.239675189796538
0.24109219556635275
0.3884607956270878
0.22570756149407822
0.2660922259337989
0.19929052535681735
0.15597063467962335
0.17580871545702992
0.16001922259337975
0.17844029760097158
0.24848086850895823
0.31508013969025206
0.18441196477376232
0.14230665047069524
0.3224688126328574
0.3402825994533858
0.36113282720923157
0.3402825994533858
0.1447358032189492
0.2720638931065895
0.24817722441542656
0.2620436380200424
0.14605159429091996
0.13441190403887004
0.28896674764652275
0.17601114485271774
0.23481688430003023
0.30819754023686596
0.29888578803522614
0.13552526571515322
0.09088958396598834
0.14918924992408122
0.07793410264196765
0.08744828423929518
0.20455368964470066
0.3474688430003037
0.3273271181293653
0.213359368357121
0.14534309140601254
0.204250045551169
0.21528244761615534
0.1467600971758274
0.14827831764348598
0.15647670816884285
0.24210434254479185
0.22277233525660478
0.22054561190403876
0.11953334345581523
0.36902757364105665
0.2508088065593682
0.32752954752505303
0.2703432432432431
0.2880558153659276
0.2617399939265106
0.2514160947464317
0.2108290009110232
0.43086975402368655
0.2034403279684177
0.19706380200425133
0.2779343455815364
0.19969538414819288
0.22165897358032172
0.2313755845733373
0.2706468873367748
0.1685212572122683
0.3546550865472211
0.19038363194655306
0.23319744913452756
0.36497898572730025
0.33157813543880943
0.2538452474946856
0.29736756756756744
0.25961448527178843
0.27246875189796527
0.21548487701184316
0.25050516246583643
0.2212541147889462
0.27074810203461874
0.18076823565138156
0.3256064682660187
0.4377523534770724
0.3025295171576069
0.20364275736410553
0.2543513209839051
0.22894643182508334
0.24149705435772828
0.1983795930762221
0.30718539325842686
0.41892641967810507
0.3770235347707256
0.26518129365320364
0.18805569389614318
0.23684117825690842
0.23846061342241098
0.11872362587306384
0.21518123291831148
0.18937148496811396
0.3747968114181597
0.3552623747342847
0.24078855147282097
0.3068817491648952
0.26335942909201326
0.26467522016398404
0.2609302763437593
0.4502017613118736
0.36224618888551463
0.341294746431825
0.24443228059520172
0.19250914060127522
0.30951333130883674
0.1781366535074398
0.107185150318858
0.1464564530822956
0.053946219252960725
0.055970513209838924
0.19655772851503173
0.15637549347099888
0.1902824172487092
0.2703432432432431
0.2546549650774368
0.10394627998785289
0.15981679319769182
0.05060613422411153
0.06548469480716657
0.323076100819921
0.22378448223504388
0.15465484360765236
0.1520232614637107
0.11052523534770708
0.42530294564227145
0.1570839963559063
0.409715882174309
0.15465484360765236
0.3916996659580927
0.2916995444883085
0.30040400850288473
0.16578846037048267
0.18795447919829922
0.2330962344366837
0.21902739143637995
0.27884527786213165
0.2052621925296081
0.07833896143334329
0.29453355602793785
0.2054646219252959
0.2255051320983904
0.40678065593683566
0.23643631946553278
0.3301611296689946
0.18076823565138156
0.20151724870938337
0.2630557849984815
0.21366301245065267
0.11852119647737613
0.19564679623443648
0.2044524749468568
0.23835939872456702
0.22429055572426349
0.24574807166717272
0.2587035529911933
0.35566723352566054
0.3038453082295778
0.18704354691770408
0.24544442757364082
0.29888578803522614
0.3797563316125112
0.20890592165198885
0.26133513513513495
0.20374397206194939
0.14503944731248086
0.22277233525660478
0.1046547828727602
0.2655861524445793
0.18582897054357717
0.3169020042514423
0.5460520801700577
0.34493847555420576
0.4836026116003642
0.18481682356513807
0.26568736714242314
0.21619337989675058
0.44301551776495574
0.11781269359246871
0.23370352262374716
0.21497880352262355
0.49169978742787723
0.3957482538718491
0.4078940176131185
0.4102219556635285
0.14159814758578793
0.45597099908897665
0.29119347099908877
0.2526306711205586
0.36923000303674436
0.2600193440631642
0.22995857880352244
0.3364364409353171
0.30091008199210434
0.22682092317036118
0.1456467354995442
0.14230665047069524
0.1877520498026115
0.3308696325539022
0.267003158214394
0.23744846644397188
0.6200400242939568
0.4259102338293348
0.30748903735195854
0.3994931976920739
0.6288457030063772
0.3314769207409656
0.46953376860006046
0.4090073792894018
0.37510045551169124
0.3109303370786516
0.4606268751897964
0.4147766170665046
0.4889669905860916
0.45799529304585485
0.4709507743698753
0.608602763437595
0.4267199514120861
0.3773271788642574
0.6230764652292742
0.38248912845429683
0.47570786516853913
0.5159913149104158
0.9123480716671726
0.6207485271788642
0.4778333738232614
0.5504043121773459
0.6176108715457029
0.790991648952323
0.8644735195870028
0.8458500151837232
0.608299119344063
1.0
0.726011812936532
0.5070844215001518
0.7357284239295474
0.750910628606134
0.43744870938354086
0.4629548132402064
