0.3250274184927846
0.3805002244788882
0.3631850133618386
0.32577560662747196
0.18361986103687866
0.15454740780331366
0.22273941207910197
0.14492784607161935
0.3480074826296098
0.16715972207375718
0.15294414751469787
0.30546764297167295
0.29862706574024567
0.27062345269909127
0.24668143238909668
0.303971266702298
0.12397857830037406
0.2441162159273116
0.11852749331908063
0.272119828968466
0.26303468733297686
0.1782756600748262
0.3321886477819347
0.4381107108498128
0.38990601817210035
0.45563969000534477
0.37665239978621057
0.3800726884019241
0.3269513308391234
0.22124303580972737
0.17207638695884542
0.33229553180117577
0.24133723142704422
0.1900329021913415
0.2037140566541955
0.2568354142169962
0.310170539818279
0.2943517049706039
0.2057448530197754
0.2032865205772314
0.23706187065740236
0.3229966221272047
0.31551474078033137
0.22124303580972737
0.2444368679850346
0.26367599144842324
0.29884083377872783
0.17335899518973796
0.34725929449492243
0.5396505291288083
0.42207810796365575
0.29563431320149647
0.2302212934259753
0.2939241688936396
0.373445879208979
0.36147486905398174
0.23193143773383218
0.29670315339390707
0.2964893853554247
0.20670680919294482
0.14866878674505601
0.0977919935863174
0.18308544094067336
0.2725473650454302
0.296916921432389
0.26303468733297686
0.20264521646178502
0.18586442544094062
0.22327383217530727
0.2150437626937466
0.21440245857830031
0.23813071084981285
0.16106733297701759
0.1716488508818813
0.21066151790486365
0.14375212185996789
0.09159272047033662
0.0825075788348476
0.0876380117584179
0.14674487439871708
0.19698036344200953
0.21333361838588982
0.24176476750400855
0.18768145376803835
0.17923761624799572
0.15914342063067866
0.040074623196151626
0.08517967931587378
0.12590249064671288
0.22231187600213786
0.22167057188669148
0.15262349545697484
0.22134991982896846
0.15604378407268826
0.11521408872260808
0.17496225547835376
0.10003655799037936
0.08678293960448946
0.28099120256547283
0.17987892036344189
0.16854921432389092
0.3078190913949759
0.5267175628006415
0.40112884019241046
0.18404739711384277
0.1543336397648316
0.2077756493853553
0.348541902725815
0.3153009727418492
0.2930690967397114
0.45970128273650435
0.5643407375734901
0.631891437733832
0.4304150614644575
0.19580463923035807
0.27896040619989293
0.2567285301977552
0.04114346338856212
0.2388788989845002
0.16801479422768562
0.13252929983965778
0.12771951897381073
0.1559369000534473
0.24529194013896305
0.2523462854088723
0.25437708177445206
0.09351663281667544
0.22284629609834306
0.24978106894708707
0.0687195403527524
0.23706187065740236
0.20873760555852483
0.2770364938535541
0.12558183858898975
0.1309260395510422
0.14343146980224464
0.16224305718866905
0.18671949759486905
0.017201443078567524
0.12868147514698014
0.15914342063067866
0.22648035275253864
0.23150390165686785
0.11927568145376799
0.301512934259754
0.2995890219134152
0.31754553714591127
0.21611260288615708
0.3225690860502406
0.38124841261357556
0.29787887760555853
0.25459084981293423
0.35516871191875987
0.23000752538749325
0.2847321432389096
0.2886868519508283
0.2583317904863709
0.25341512560128265
0.3718426189203634
0.34822125066809195
0.38990601817210035
0.3301578514163548
0.3225690860502406
0.4559603420630678
0.33657089257081774
0.3901197862105825
0.35933718866916076
0.3850962373062534
0.5089748156066274
0.42154368786745056
0.4720998289684659
0.33742596472474595
0.35377921966862624
0.3340056761090324
0.37718681988241576
0.3661777659005878
0.40380094067343664
0.49646938535542495
0.47765779796900043
0.48054366648850877
0.4543570817744522
0.4432411437733832
0.5766323997862106
0.7087410475681453
0.7400580652057724
0.5943751469802245
0.5939476109032602
0.557393276322822
0.5340925601282736
0.4861016354890433
0.5222284339925172
0.5053407589524319
0.47658895777659005
0.42165057188669164
0.34255639764831636
0.3739802993051844
0.34148755745590575
0.3407393693212186
0.30803285943345804
0.3312266916087654
0.3684223303046499
0.27789156600748255
0.32887524318546224
0.38595130946018164
0.35377921966862624
0.2974513415285942
0.31904191341528576
0.4034802886157134
0.3526034954569748
0.2973444575093531
0.26324845537145913
0.26004193479422766
0.2583317904863709
0.18554377338321748
0.2622864991982896
0.314766552645644
0.3291958952431855
0.3070709032602885
0.2828082308925708
0.2886868519508283
0.26356910742918216
0.3332574879743453
0.30546764297167295
0.25704918225547835
0.2471089684660609
0.21525753073222864
0.1401180652057722
0.05503838588989829
0.10612894708711917
0.12034452164617848
0.14150755745590593
0.18885717797969004
0.3662846499198289
0.3969603634420096
0.23193143773383218
0.23866513094601816
0.20446224478888286
0.1721832709780865
0.07213982896846594
0.11852749331908063
0.17688616782469258
0.15518871191875994
0.1931325387493319
0.12194778193479405
0.09244779262426506
0.08699670764297163
0.07042968466060928
0.08881373597006947
0.17966515232495983
0.15358545163014425
0.1894984820951362
0.14182820951362896
0.25501838588989834
0.1865057295563869
0.1884296419027257
0.10025032602886141
0.13926299305184386
0.14150755745590593
0.3129495243185463
0.1819097167290218
0.12494053447354347
0.1416144414751469
0.09918148583645092
0.276715841795831
0.15369233564938534
0.1253680705505077
0.07459816141101017
0.17453471940138954
0.17506913949759484
0.07662895777658996
0.1410800213789416
0.10099851416354877
0.20146949225013355
0.1380872688401923
0.01303296632816664
0.23225208979155532
0.17838254409406729
0.021797455905932628
0.15155465526456435
0.1426832816675574
0.31401836451095666
0.12483365045430239
0.20200391234633885
0.23246585783003737
0.3740871833244255
0.1924912346338855
0.2062792731159807
0.22637346873329756
0.23118324959914482
0.13071227151256004
0.14300393372528053
0.11628292891501857
0.03291339390700154
0.14610357028327092
0.2271216568679849
0.1804133404596472
0.0988608337787279
0.20820318546231964
0.3251343025120257
0.20285898450026718
0.24924664885088188
0.3109187279529664
0.22530462854088706
0.10206735435595926
0.1537992196686263
0.1909948583645109
0.10281554249064662
0.18255102084446817
0.2062792731159807
0.16138798503474072
0.23064882950293952
0.30846039551042215
0.2806705505077498
0.3608335649385357
0.32117959380010674
0.2765020737573489
0.27575388562266157
0.16534269374665944
0.2673100481026188
0.33389879208979156
0.3682085622661677
0.43885889898450037
0.43020129342597535
0.3404187172634954
0.26164519508284334
0.27083722073757344
0.3653226937466596
0.39354007482629605
0.39140239444147507
0.4753063495456975
0.46632809192944946
0.45221940138963124
0.4482646926777123
0.4080763014430786
0.4982864136825227
0.6169276750400854
0.6079494174238373
0.5540798717263495
0.492194024585783
0.4369349866381613
0.43682810261892024
0.39289877071084955
0.4283842650988776
0.42368136825227154
0.35784081239978605
0.4136342704436129
0.36500204168893635
0.3392429930518439
0.4096795617316942
0.4461270122928913
0.5939476109032602
0.5971541314804916
0.46386975948690523
0.3901197862105825
0.43180455371459114
0.4570291822554782
0.4274223089257081
0.4371487546766435
0.46793135221806503
0.5046994548369854
0.39236435061464436
0.4314839016568679
0.409465793693212
0.49540054516301435
0.4707103367183325
0.4704965686798501
0.4054042009620522
0.41555818278995194
0.4186578193479422
0.2807774345269909
0.23428288615713522
0.3769730518439336
0.3209658257616248
0.20606550507749866
0.2748988134687331
0.3024748904329235
0.22188433992517365
0.2899694601817209
0.29862706574024567
0.3046125708177445
0.2625002672367718
0.23652745056119717
0.18725391769107425
0.2847321432389096
0.16683907001603415
0.2693408444681987
0.24176476750400855
0.3700255905932657
0.2042484767504008
0.24058904329235697
0.2729749011223944
0.32053828968466047
0.3453353821485836
0.20873760555852483
0.2612176590058791
0.3179730732228754
0.2551252699091394
0.3169042330304648
0.3305853874933191
0.3356089363976482
0.29980278995189735
0.19698036344200953
0.3367846606092999
0.27382997327632275
0.27222671298770706
0.3055745269909138
0.2770364938535541
0.33079915553180106
0.45670853019775515
0.35901653661143773
0.3515346552645642
0.350465815072154
0.2752194655264564
0.28804554783538205
0.27682272581507206
0.1808408765366113
0.14118690539818268
0.17870319615179042
0.2648517156600747
0.25811802244788873
0.3092085836451095
0.2725473650454302
0.2878317797968999
0.28238069481560646
0.22402202030999452
0.21311985034740777
0.21098216996258679
0.23513795831106354
0.4972175734901123
0.34469407803313734
0.2964893853554247
0.2791741742383751
0.3118806841261357
0.1604260288615712
0.1273988669160876
0.2292593372528059
0.25651476215927305
0.1539061036878674
0.1706868947087119
0.23267962586851942
0.27019591662212716
0.24999483698556912
0.24946041688936393
0.19078109032602875
0.22754919294494913
0.22968687332977
0.19836985569214316
0.10944235168359162
0.07673584179583104
0.19142239444147513
0.1869332656333511
0.20253833244254404
0.26324845537145913
0.19334630678781395
0.11927568145376799
0.1909948583645109
0.19740789951897375
0.26677562800641363
0.30290242650988763
0.18030645644040622
0.17923761624799572
0.24625389631213246
0.3157285088188133
0.2792810582576162
0.25843867450561187
0.2890075040085516
0.2211361517904864
0.2038209406734366
0.26517236771779784
0.2765020737573489
0.19783543559593797
0.19430826296098336
0.1813752966328166
0.12066517370390151
0.14941697487974337
0.18682638161411003
0.17891696419027248
0.12333727418492779
0.0800492463923036
0.042960491715659965
0.06497859967931585
0.06647497594869045
0.21258543025120258
0.2507430251202565
0.1401180652057722
0.1410800213789416
0.211409706039551
0.21482999465526453
0.26880642437199354
0.2308625975414217
0.24165788348476747
0.19088797434526983
0.12130647781934789
0.09597496525921956
0.1639532014965258
0.15550936397648318
0.1824441368252271
0.3244929983965792
0.5868932656333512
0.613721154462854
0.41545129877071085
0.2256252805986103
0.19388072688401914
0.3616886370924639
0.3229966221272047
0.11681734901122387
0.2536288936397648
0.20670680919294482
0.09437170497060388
0.06690251202565456
0.14407277391769102
0.10388438268305711
0.12643691074291818
0.20948579369321219
0.2568354142169962
0.12761263495456965
0.0014894922501336172
0.15679197220737573
0.19334630678781395
0.2449712880812399
0.09308909673971133
0.16288436130411532
0.18992601817210042
0.12996408337787269
0.23214520577231423
0.1517684233030464
0.2124785462319615
0.23374846606092992
0.14033183324425436
0.0049097808658470354
0.08753112773917693
0.07010903260288603
0.09811264564404054
0.17966515232495983
0.15860900053447358
0.25533903794762147
0.04413621592731143
0.0489459967931587
0.07865975414216986
0.17036624265098865
0.25138432923570286
0.5132501763762694
0.18511623730625326
0.04905288081239967
0.34255639764831636
0.16448762159273111
0.12643691074291818
0.2012557242116514
0.346404222340994
0.2195328915018706
0.05557280598610359
0.14898943880277926
0.23193143773383218
0.134987632282202
0.22968687332977
0.23802382683057177
0.3625437092463921
0.22957998931052903
0.21322673436664874
0.27425750935328697
0.30589517904863706
0.2868698236237306
0.25704918225547835
0.11852749331908063
0.16983182255478346
0.24326114377338315
0.11799307322287544
0.10826662747194005
0.1314604596472474
0.18757456974879727
0.1406524853019775
0.10751843933725269
0.17688616782469258
0.2170745590593265
0.23727563869588453
0.2563009941207909
0.19836985569214316
0.12665067878140024
0.2410165793693212
0.2939241688936396
0.3358227044361304
0.26474483164083373
0.21055463388562268
0.1524097274184928
0.16822856226616767
0.29061076429716715
0.3892647140566543
0.29819952966328156
0.20670680919294482
0.18404739711384277
0.21183724211651522
0.20146949225013355
0.09362351683591652
0.09127206841261348
0.15604378407268826
0.11756553714591111
0.03644056654195604
0.055786574024585645
0.21002021378941738
0.2563009941207909
0.19120862640299296
0.1568988562266167
0.13744596472474602
0.11981010154997318
0.12162712987707103
0.1359495884553713
0.08346953500801702
0.0977919935863174
0.13220864778193475
0.12771951897381073
0.0973644575093533
0.13391879208979152
0.24593324425440943
0.3021542383752005
0.36895675040085507
0.3255618385889898
0.20157637626937452
0.23781005879208972
0.2353517263495457
0.23599303046499187
0.21279919828968463
0.20317963655799032
0.15102023516835905
0.15369233564938534
0.18671949759486905
0.1773137039016568
0.12248220203099935
0.09768510956707632
0.06797135221806505
0.07192606092998388
0.12697133083912338
0.08945504008551564
0.10078474612506672
0.09971590593265622
0.06914707642971663
0.06893330839123457
0.016667022982362334
0.10677025120256534
0.0977919935863174
0.0769496098343132
0.09202025654730084
0.09490612506680907
0.16780102618920356
0.33090603955104214
0.26164519508284334
0.247536504543025
0.27543323356493843
0.2782122180652058
0.19217058257616249
0.023721368252271335
0.2678444681988241
0.17186261892036336
0.2813118546231961
0.14246951362907534
0.23225208979155532
0.14375212185996789
0.15262349545697484
0.21536441475146972
0.12077205772314259
0.13317060395510416
9.999999999987796e-05
0.14236262960983415
0.25288070550507746
0.24123034740780325
0.11724488508818809
0.14482096205237838
0.053328241582041636
0.11211445216461768
0.283342650988776
0.22808361304115443
0.23257274184927834
0.1624568252271512
0.2338553500801709
0.12162712987707103
0.09212714056654192
0.1742140673436664
0.10067786210582574
0.13220864778193475
0.1268644468198823
0.19901115980758943
0.18073399251737032
0.06252026723677162
0.034089118118653006
0.18404739711384277
0.11446590058792083
0.13103292357028318
0.06412352752538741
0.05781737039016566
0.23748940673436658
0.20905825761624786
0.19377384286477806
0.13744596472474602
0.13830103687867445
0.10228112239444132
0.10249489043292348
0.08678293960448946
0.1187412613575628
0.13049850347407788
0.22241876002137895
0.22028107963655796
0.12804017103153387
0.12804017103153387
0.11393148049171553
0.23417600213789413
0.21942600748262953
0.18586442544094062
0.16288436130411532
0.15604378407268826
0.09715068947087102
0.08753112773917693
0.1447140780331373
0.15048581507215386
0.10783909139497583
0.14022494922501327
0.20446224478888286
0.3453353821485836
0.38894406199893106
0.3020473543559594
0.13616335649385347
0.09447858898984496
0.14909632282202023
0.18832275788348474
0.28088431854623197
0.1950564510956706
0.0800492463923036
0.10901481560662729
0.18052022447888827
0.2444368679850346
0.24518505611972208
0.20766876536611434
0.13124669160876523
0.0977919935863174
0.16651841795831102
0.20745499732763228
0.16288436130411532
0.1645945056119721
0.15518871191875994
0.14118690539818268
0.19730101549973267
0.24849846071619452
0.5415744414751469
0.5067302512025653
0.1167104649919829
0.16683907001603415
0.1635256654195616
0.16833544628540886
0.20959267771245316
0.2130129663281667
0.1900329021913415
0.2622864991982896
0.27030280064136814
0.33389879208979156
0.27276113308391225
0.18180283270978082
0.2053173169428113
0.32823393907001597
0.47038968466060904
0.427315424906467
0.16331189738107954
0.2364205665419561
0.21525753073222864
0.21835716729021903
0.28002924639230353
0.22434267236771777
0.22744230892570805
0.3656433458043826
0.3633987814003208
0.2449712880812399
0.4670762800641368
0.43436977017637624
0.32524118653126655
0.48460525921966857
0.606666809192945
0.34522849812934253
0.667590700160342
0.7561975521111706
0.13894234099412073
0.16331189738107954
0.21098216996258679
0.2991614858364511
0.16523580972741847
0.25095679315873853
0.3673534901122395
0.3555962479957242
0.3715219668626404
0.31765242116515235
0.3576270443613041
0.05610722608230878
0.07203294494922496
0.20264521646178502
0.11168691608765358
0.22947310529128795
0.1849024692677712
0.08785177979689995
0.07630830571886682
0.2348173062533404
0.10666336718332436
0.25394954569748796
0.323958578300374
0.26207273115980756
0.20211079636557983
0.24956730090860502
0.22893868519508276
0.23289339390700148
0.269875264564404
0.20916514163548894
0.12718509887760543
0.256621646178514
0.2261597006948155
0.15550936397648318
0.11222133618385877
0.13573582041688925
0.1925981186531266
0.14033183324425436
0.16128110101549964
0.16641153393906993
0.12408546231961504
0.17645863174772836
0.2414441154462853
0.11638981293425965
0.12141336183858886
0.22904556921432384
0.2486053447354355
0.17998580438268297
0.1365908925708177
0.18372674505611963
0.3748353714591126
0.27190606092998393
0.24689520042757873
0.19430826296098336
0.19131551042223405
0.17143508284339914
0.21461622661678237
0.3169042330304648
0.2765020737573489
0.33144045964724733
0.38947848209513625
0.2930690967397114
0.23823759486905383
0.16897675040085502
0.17036624265098865
0.35110711918760007
0.3876614537680385
0.3524966114377339
0.4704965686798501
0.4782991020844467
0.43276650988776044
0.4417447675040085
0.4728480171031535
0.4263534687332977
0.42859803313735956
0.3712013148049169
0.45927374665954024
0.4787266381614108
0.42859803313735956
0.29777199358631745
0.3412737894174238
0.4130998503474077
0.3259893746659539
0.30589517904863706
0.393219422768573
0.3995255799037949
0.43939331908070534
0.4680382362373061
0.48278823089257084
0.6210961517904863
0.62045484767504
0.5296034313201496
0.4739168572955639
0.4498679529663281
0.45179186531266713
0.4206886157135221
0.42913245323356475
0.4808643185462318
0.5884965259219668
0.6768896098343131
0.6148968786745055
0.6128660823089258
0.6234476002137892
0.5196632175307321
0.5713950828433991
0.6758207696419027
0.6169276750400854
0.5808008765366115
0.674003741314805
0.7199638695884554
0.7972410154997327
0.6577573703901656
0.6526269374665954
0.6733624371993587
0.741981977552111
0.9218677819347942
0.9497645109567077
0.6681251202565472
0.6144693425975414
0.6676975841795831
0.8218243399251739
0.811135938001069
0.6216305718866917
0.7789638482095138
0.7226359700694813
0.6702628006413682
0.6970906894708713
0.5299240833778727
0.5115400320684127
0.610942169962587
0.5019204703367184
0.6414041154462855
0.5515146552645644
0.5765255157669695
0.4794748262960984
0.8593406306787814
0.7105580758952432
0.7723370390165687
0.557393276322822
0.6316776696953499
0.5557900160342062
0.615858834847675
1.0
0.7973478995189738
0.8215036878674504
0.7135508284339924
0.6089113735970071
0.6079494174238373
0.6223787600213788
0.7411269053981828
0.6034602886157134
0.7481812506680918
0.5678679102084447
0.6200273115980759
0.29926836985569216
0.5325961838588988
0.6463207803313735
0.4110690539818278
0.5267175628006415
0.5583552324959913
0.683195766969535
0.45756360235168336
0.52148024585783
0.5873208017103153
0.3637194334580438
0.5628443613041154
0.467290048102619
0.35238972741849284
0.5050201068947089
0.5468117584179584
0.5157085088188134
0.5005309780865845
0.33496763228220194
0.3403118332442543
0.41737521111704967
0.2348173062533404
0.2817393907001604
0.23674121859967923
0.21076840192410473
0.3234241582041688
0.4237882522715126
0.4453788241582042
0.5894584820951363
0.4950798931052913
0.4228262960983431
0.3335781400320683
0.3157285088188133
0.3301578514163548
0.26538613575628
0.33806726884019245
0.3700255905932657
0.1870401496525922
0.15978472474612504
0.24529194013896305
0.24892599679315863
0.24261983965793676
0.19516333511491168
0.16929740245857816
0.23310716194548364
0.22915245323356492
0.294458588989845
0.3014060502405129
0.2501017210048101
0.2746850454302511
0.25191874933190794
0.3009785141635488
0.3004440940673436
0.28751112773917686
0.33486074826296086
0.3219277819347941
0.1564713201496526
0.14749306253340455
0.3342194441475146
0.31166691608765373
0.3138045964724747
0.3346469802244789
0.30824662747194
0.33592958845537146
0.2776777979690005
0.272119828968466
0.29969590593265627
0.2932828647781933
0.23257274184927834
0.2807774345269909
