0.1784393538041218
0.15189333610500677
0.14007531032844323
0.18930718655342393
0.13235499198194445
0.12035880501276941
0.10248329868741457
0.0690483815406544
0.08728021025123234
0.06417864227593983
0.05628016273682951
0.09226872364435457
0.0606154184237096
0.04719394191364251
0.0778376670428223
0.1025426857516184
0.0945848191483043
0.14233201876818902
0.11655803290372391
0.09880130070677673
0.1538531092237334
0.2230984260854071
0.3137824731246659
0.31805834174734215
0.25712721387420556
0.2043915008611985
0.12101206271901166
0.07641237750193025
0.04535294292332359
0.1330082496881867
0.08454840529785579
0.06447557759695904
0.09321891667161608
0.07296792777810768
0.09084343410346252
0.17440103343826086
0.10889710162142896
0.10200820217378381
0.07023612282473118
0.04184910613529719
0.0926844330937815
0.09387217437785822
0.11655803290372391
0.09814804300053448
0.1269507691393953
0.06370354576230919
0.05782422640612933
0.09066527291085102
0.06388170695492068
0.11020361703391335
0.08431085704104047
0.06305028805606688
0.08781469382906693
0.09226872364435457
0.09292198135059682
0.12350631941557277
0.09957333254142653
0.08134150383084865
0.09672275345964243
0.09393156144206205
0.10058291263289176
0.08442963116944813
0.054261002553899096
0.07094876759517726
0.10165187978856083
0.08146027795925631
0.11168829363900934
0.0773625705291916
0.10408674942091811
0.061981320900397874
0.08870549979212439
0.1527247550038605
0.12231857813149605
0.05693342044307176
0.08365759933479833
0.09791049474371916
0.09511930272613878
0.08080702025301412
0.0636441586981053
0.05936829007542904
0.08460779236205962
0.045709265308546576
0.06405986814753217
0.07350241135594221
0.05182613292154181
0.08347943814218683
0.09779172061531138
0.13847185959493968
0.18592212389380525
0.06382231989071685
0.10907526281404045
0.1093721981350596
0.11632048464690847
0.12380325473659193
0.10919403694244811
0.09375340024945056
0.06079357961632115
0.06014032191007895
0.06114990200154413
0.039651784759755226
0.14559830729940004
0.11667680703213157
0.15919794500207873
0.12237796519569988
0.15486268931519864
0.14375730830908107
0.14500443665736173
0.16757152105481965
0.10004842905505729
0.1127572607946783
0.0883491774069014
0.10865955336461364
0.07077060640256572
0.07664992575874557
0.0773625705291916
0.073205476034923
0.0824698580507216
0.0738587337411652
0.08021314961097575
0.07142386410880791
0.09351585199263523
0.07492770089683426
0.09185301419492786
0.08828979034269757
0.05224184237096863
0.0913779176812971
0.08591430777454412
0.07356179842014604
0.07765950585021081
0.08597369483874795
0.08567675951772868
0.09381278731365439
0.08442963116944813
0.12047757914117707
0.08205414860129467
0.10699671556690615
0.060259096038486615
0.0661978024588703
0.13520557106372866
0.09214994951594702
0.1084220051077982
0.05633954980103334
0.07659053869454174
0.0854985983251173
0.04392765338243143
0.05141042347211494
0.03608856090752499
0.0347820454950406
0.05319203539823003
0.06501006117479358
0.06881083328383908
0.13989714913583173
0.06827634970600455
0.14215385757557752
0.1355025063847478
0.060377870166894276
0.07938173071212207
0.16650255389915058
0.09678214052384626
0.12445651244283418
0.22446432856209542
0.07160202530141946
0.09832620419314597
0.04493723347389672
0.061565611450971
0.03751385044841715
0.0738587337411652
0.0906058858466472
0.10194881510957998
0.04654068420740032
0.03822649521886318
0.04327439567618924
0.08579553364613635
0.07178018649403095
0.05123226227950345
0.07997560135416043
0.0993357842846112
0.17451980756666863
0.10331471758626831
0.08199476153709084
0.061743772643582495
0.05865564530498302
0.07231467007186548
0.12000248262754643
0.10040475144028027
0.18491254380234
0.1644240066520164
0.0864487913523787
0.11632048464690847
0.11246032547365914
0.055923840351606524
0.11317297024410522
0.033356755954148554
0.051647971728930264
0.03840465641147467
0.08318250282116757
0.08585492071034029
0.07920356951951052
0.05924951594702138
0.05093532695848424
0.16359258775316265
0.07326486309912683
0.0743338302547959
0.11762700005939297
0.12309060996614596
0.08621124309556327
0.16175158876284368
0.10788752152996373
0.06453496466116287
0.13104847656946006
0.10016720318346495
0.09939517134881504
0.04232420264892789
0.044165201639246865
0.02207321375541954
0.06233764328562086
0.06964225218269277
0.08888366098473599
0.032109627605867996
0.07754073172180315
0.05752729108511012
0.04060197778701663
0.04707516778523485
0.07124570291619642
0.07730318346498777
0.046006200629565785
0.0805694719961988
0.06756370493555852
0.0748089267684266
0.13930327849379343
0.0526575518203955
0.019697731187266088
0.07789705410702613
0.08935875749836664
0.09203117538753935
0.11756761299518903
0.06489128704638586
0.07967866603314122
0.04505600760230438
0.028962113203064577
0.04398704044663537
0.05432038961810293
0.07771889291441464
0.09488175446932345
0.061743772643582495
0.064119255211736
0.002713030824968765
0.05687403337886793
0.09197178832333552
0.06400048108332834
0.06079357961632115
0.12493160895646493
0.1205369662053809
0.11952738611391578
0.1572381718833521
0.055983227415810355
0.047431490170457835
0.16056384747876695
0.1472017580329037
0.05277632594880316
0.11679558116053923
0.2140122052622201
0.1602669121577478
0.10313655639365671
0.13449292629328258
0.1373435053750668
0.1086001663004098
0.056695872186256435
0.07641237750193025
0.07391812080536908
0.18342786719724413
0.09850436538575758
0.1250503830848726
0.14203508344716986
0.10236452455900691
0.10123617033913401
0.06691044722931633
0.0972572370374769
0.08169782621607169
0.06774186612817001
0.09452543208410047
0.09214994951594702
0.06465373878957054
0.07136447704460408
0.06940470392587744
0.0877553067648631
0.10165187978856083
0.06251580447823246
0.08846795153530906
0.08068824612460646
0.16774968224743114
0.12136838510423464
0.1248722218922611
0.11857719308665438
0.10592774841123709
0.08609246896715561
0.06263457860664007
0.07302731484231151
0.09606949575340018
0.07955989190473356
0.054201615489695265
0.09001201520460878
0.13354273326602117
0.06067480548791343
0.06049664429530194
0.04885677971134994
0.05889319356179834
0.09090282116766635
0.10972852052028259
0.09820743006473831
0.09500052859773112
0.10509632951238346
0.09351585199263523
0.0805694719961988
0.0794411177763259
0.07676869988715324
0.1197649343707311
0.09482236740511962
0.09185301419492786
0.10776874740155606
0.06803880144918922
0.044105814575043034
0.0748089267684266
0.07189896062243861
0.10230513749480308
0.0748089267684266
0.0743338302547959
0.07130508998040025
0.07219589594345782
0.06554454475262811
0.10658100611747934
0.02498317990140758
0.039473623567143734
0.03401001366039075
0.03222840173427566
0.06999857456791586
0.09517868979034261
0.10028597731187261
0.04582803943695429
0.06423802934014367
0.06495067411058975
0.03727630219160172
0.016431442656055062
0.07860969887747216
0.044105814575043034
0.0663759636514818
0.03834526934727084
0.043155621547781575
0.15700062362653666
0.14144121280513144
0.0866269525449902
0.07973805309734505
0.10693732850270232
0.10747181208053691
0.12451589950703801
0.4428899507038071
0.268588917265546
0.09892007483518439
0.08306372869275991
0.05859625824077919
0.11525151749123952
0.10117678327493018
0.0995139454772227
0.0957131733681772
0.05230122943517246
0.08490472768307888
0.08971507988358962
0.08140089089505248
0.08840856447110523
0.12095267565480783
0.17036271307240003
0.16115771812080526
0.08490472768307888
0.11685496822474306
0.08615185603135944
0.0661978024588703
0.08199476153709084
0.163117491239532
0.1254660925342994
0.04250236384153938
0.0572897428282948
0.0872208231870285
0.06287212686345539
0.07243344420027314
0.08817101621428991
0.02664601769911501
0.1095503593276711
0.0714832511730118
0.069226542733266
0.028249468432618552
0.07498708796103809
0.06750431787135469
0.1273070915246184
0.07219589594345782
0.08051008493199496
0.04903494090396143
0.06720738255033548
0.07160202530141946
0.049510037417592134
0.04695639365682719
0.08045069786779108
0.016193894399239683
0.07445260438320356
0.04291807329096625
0.014887378986755295
0.0032475144028032976
0.00491035220051067
0.0824698580507216
0.0906058858466472
0.1392438914295896
0.054261002553899096
0.06667289897250095
0.08353882520639067
0.14524198491417706
0.0864487913523787
0.10533387776919878
0.050579004573261255
0.04529355585911976
0.13354273326602117
0.1542094316089564
0.186753542792659
0.1220216428104769
0.10135494446754167
0.22535513452515288
0.12398141592920342
0.059843386589059744
0.10664039318168317
0.08906182217734748
0.10551203896181027
0.09416910969887737
0.08674572667339786
0.09690091465225392
0.1742822593098532
0.0673261566787432
0.11263848666627063
0.0955350121755657
0.1188147413434697
0.11418255033557045
0.09256565896537383
0.12404080299340725
0.15112130427035697
0.11222277721684382
0.0690483815406544
0.03466327136663294
0.0068701253192373635
0.06376293282651302
0.07795644117122996
0.07647176456613408
0.06815757557759689
0.04683761952841947
0.06394109401912451
0.07160202530141946
0.05461732493912208
0.11079748767595166
0.19221715269941198
0.15058682069252238
0.14429179188691565
0.17451980756666863
0.17535122646552226
0.08003498841836426
0.11649864583952008
0.08205414860129467
0.06405986814753217
0.11483580804181259
0.0877553067648631
0.05538935677377199
0.07872847300587987
0.02979353210191832
0.06584148007364726
0.073205476034923
0.10105800914652252
0.09054649878244336
0.011086606877709793
0.10313655639365671
0.049628811545999796
0.057111581635683306
0.05283571301300699
0.07558095860307645
0.022726471461661735
0.1178645483162083
0.055567517966383484
0.0771844093365801
0.09909823602779588
0.03840465641147467
0.08039131080358725
0.10010781611926112
0.08074763318881029
0.08264801924333309
0.1439948565658965
0.12873238106551044
0.09654459226703083
0.061565611450971
0.08413269584842897
0.09642581813862316
0.09963271960563047
0.1406097939062778
0.12701015620359912
0.1279009621666567
0.09868252657836907
0.07825337649224917
0.14749869335392285
0.16531481261507386
0.1425101799608005
0.13253315317455594
0.1411442774841123
0.16608684444972377
0.2482785413078339
0.22125742709508822
0.21324017342757018
0.17404471105303787
0.20397579141177158
0.15189333610500677
0.2295716160836253
0.14405424363010033
0.10313655639365671
0.18028035279444077
0.09494114153352728
0.13140479895468316
0.13027644473481015
0.1602669121577478
0.10414613648512194
0.12338754528716511
0.10824384391518671
0.12588180198372623
0.08252924511492543
0.12861360693710278
0.09577256043238103
0.08983385401199728
0.14126305161251995
0.03691997980637879
0.07724379640078394
0.08633001722397093
0.05782422640612933
0.09203117538753935
0.09422849676308132
0.054201615489695265
0.04481845934548906
0.06982041337530437
0.09446604501989664
0.06596025420205492
0.04980697273861129
0.09880130070677673
0.12231857813149605
0.14239140583239285
0.1561098176634792
0.13045460592742164
0.08514227593989421
0.15076498188513388
0.09274382015798532
0.11424193739977428
0.1095503593276711
0.13960021381481258
0.13288947555977904
0.21900071865534232
0.16638377977074292
0.1820619647205558
0.22392984498426083
0.24311186672210006
0.27149888341153405
0.26603527350478107
0.20688575755775962
0.1896041218744431
0.24424022094197295
0.25029770149076436
0.21187427095088196
0.24910996020668763
0.21015204608897076
0.2636597909366276
0.275537203777395
0.2837326186375244
0.2685295302013422
0.24720957415216493
0.21353710874858933
0.23515400011878596
0.20160030884361813
0.22018845993941905
0.24703141295955322
0.23040303498247894
0.17149106729227293
0.11982432143493493
0.11857719308665438
0.11810209657302362
0.14708298390449603
0.08199476153709084
0.03317859476153706
0.11917106372869268
0.11412316327136662
0.08490472768307888
0.0743338302547959
0.12712893033200678
0.1347304745500979
0.0710081546593811
0.1458952426204193
0.1546251410583832
0.13027644473481015
0.11263848666627063
0.13134541189047932
0.04695639365682719
0.02373605155312697
0.042739912098354704
0.03371307833937154
0.06506944823899741
0.04226481558472406
0.08526105006830198
0.1229718358377383
0.06845451089861604
0.026824178891726502
0.024329922195165388
0.05550813090217965
0.07647176456613408
0.05835870998396386
0.03757323751262098
0.03234717586268332
0.0904277246540357
0.101592492724357
0.06976102631110054
0.07379934667696136
0.11483580804181259
0.060021547781671236
0.0998702678624458
0.186397220407436
0.15450636692997555
0.03424756191720607
0.05146981053631877
0.04838168319771924
0.07077060640256572
0.022310762012234864
0.01560002375720132
0.058061774662944654
0.08235108392231394
0.04285868622676242
0.08104456850982944
0.02444869632357305
0.0384640434756785
0.10491816831977185
0.2721521411177762
0.11346990556512437
0.06691044722931633
0.014412282473124594
0.06934531686167361
0.06673228603670484
0.02023221476510062
0.06762309199976235
0.030506176872364343
0.033831852467779255
0.013462089445863246
0.04048320365860897
0.08377637346320599
0.0610905149373403
0.11923045079289651
0.043155621547781575
0.03436633604561379
0.024745631644592148
0.15658491417710996
0.11946799904971195
0.08193537447288701
0.1434009859238582
0.04867861851873839
0.08241047098651777
0.15141823959137612
0.18806005820514338
0.12012125675595409
0.1729757438973688
0.14631095206984612
0.12243735225990371
0.17368838866781489
0.17855812793252945
0.18313093187622498
0.1428665023460236
0.1491021440874264
0.2032631466413256
0.23800457920057017
0.19120757260794674
0.22143558828769971
0.29287822652491535
0.22832448773534475
0.2068263704935558
0.16662132802755825
0.2605716635980282
0.28319813505968994
0.22755245590069484
0.22737429470808335
0.21092407792362056
0.12415957712181491
0.15040865949991078
0.10325533052206448
0.11525151749123952
0.10456184593454887
0.12041819207697324
0.11240093840945531
0.13389905565124427
0.09749478529429223
0.15747572014016742
0.10438368474193727
0.09149669180970477
0.09844497832155374
0.10735303795212914
0.1337802815228366
0.10705610263110998
0.1411442774841123
0.1237438676723881
0.09589133456078869
0.03935484943873607
0.07344302429173838
0.055626905030587315
0.08175721328027552
0.07748134465759932
0.07082999346676955
0.13769982776028977
0.02985291916612215
0.03876097879669771
0.04992574686701895
0.0993357842846112
0.14464811427213875
0.07777827997861847
0.07641237750193025
0.10200820217378381
0.12623812436894932
0.16092016986398994
0.08181660034447935
0.08543921126091347
0.03579162558650584
0.13271131436716754
0.2109834649878244
0.2331348399358555
0.13116725069786772
0.0748089267684266
0.06103112787313647
0.08098518144562561
0.06055603135950577
0.08894304804893982
0.0531326483340262
0.0695234780542851
0.06103112787313647
0.09381278731365439
0.10634345786066401
0.07516524915364964
0.11234155134525148
0.11234155134525148
0.09238749777276223
0.07825337649224917
0.0698798004395082
0.1355025063847478
0.13651208647621305
0.09482236740511962
0.09167485300231626
0.05337019659084152
0.11501396923442408
0.10972852052028259
0.09660397933123466
0.1368090217972323
0.07599666805250338
0.08157905208766397
0.09517868979034261
0.06596025420205492
0.04113646136485116
0.023676664488923138
0.07243344420027314
0.06958286511848893
0.14458872720793492
0.06483189998218203
0.1205369662053809
0.10640284492486785
0.08638940428817476
0.09690091465225392
0.05954645126804059
0.07130508998040025
0.10646223198907168
0.11329174437251288
0.14150059986933528
0.10361165290728747
0.14441056601532332
0.10533387776919878
0.12427835125022269
0.07474953970422277
0.0440464275108392
0.09601010868919635
0.07029550988893507
0.10705610263110998
0.0778376670428223
0.056755259250460266
0.05859625824077919
0.09583194749658486
0.04713455484943868
0.0773625705291916
0.12665383381837614
0.09387217437785822
0.08686450080180552
0.07403689493377674
0.04327439567618924
0.11418255033557045
0.06774186612817001
0.04707516778523485
0.07059244520995422
0.00591993229197596
0.10028597731187261
0.12784157510245286
0.08959630575518196
0.09529746391875027
0.08080702025301412
0.035613464393894345
0.0435713309972085
0.07617482924511482
0.07676869988715324
0.10687794143849849
0.07765950585021081
0.10711548969531381
0.13799676308130904
0.04844107026192307
0.06382231989071685
0.03757323751262098
0.04980697273861129
0.06014032191007895
0.04351194393300467
0.09238749777276223
0.08941814456257047
0.05158858466472643
0.09636643107441933
0.10474000712716036
0.09036833758983187
0.10165187978856083
0.10664039318168317
0.09197178832333552
0.04760965136306938
0.05907135475440989
0.08597369483874795
0.05717096869988714
0.01833182871057787
0.08828979034269757
0.05865564530498302
0.056695872186256435
0.10289900813684139
0.09220933658015085
0.05930890301122521
0.07403689493377674
0.10432429767773344
0.06738554374294703
0.06085296668052498
0.0832418898853714
0.32447214468135643
0.36123273742353146
0.07059244520995422
0.08258863217912926
0.0421460414563164
0.031634531092237295
0.07344302429173838
0.013937185959493892
0.018272441646374038
0.04855984439033073
0.055270582645364275
0.041789719071093356
0.1401940844568509
0.08597369483874795
0.09868252657836907
0.18972289600285086
0.07338363722753455
0.08496411474728272
0.20801411177763263
0.10384920116410279
0.05277632594880316
0.006038706420383622
0.019460182930450765
0.008651737245352453
0.030149854487141303
0.05651771099364494
0.05319203539823003
0.07979744016154888
0.07267099245708847
0.0778376670428223
0.03086249925758744
0.05455793787491825
0.02943720971669528
0.11305419611569756
0.11453887272079344
0.1425101799608005
9.999999999993348e-05
0.0703548969531389
0.09108098236027784
0.2090830789333017
0.14144121280513144
0.16982822949456555
0.05289510007721082
0.13164234721149848
0.24418083387776912
0.19138573380055823
0.08799285502167842
0.09892007483518439
0.10658100611747934
0.11934922492130418
0.16947190710934246
0.17267880857634965
0.17036271307240003
0.1473799192255152
0.14672666151927294
0.11091626180435932
0.1146576468492011
0.24851608956464932
0.25879005167191294
0.15129946546296846
0.1932267327908771
0.20047195462374523
0.12629751143315315
0.055626905030587315
0.1368090217972323
0.18598151095800908
0.16365197481736649
0.1280791233592682
0.05455793787491825
0.15058682069252238
0.10474000712716036
0.06815757557759689
0.19506773178119607
0.22547390865356054
0.1449450495931579
0.07195834768664244
0.12611935024054166
0.11346990556512437
0.12594118904793006
0.1337802815228366
0.12778218803824903
0.18497193086654395
0.10966913345607876
0.07938173071212207
0.15504085050781014
0.14708298390449603
0.12273428758092286
0.0983855912573498
0.08787408089327076
0.1099066817128942
0.07659053869454174
0.08959630575518196
0.16495849022985087
0.12689138207519146
0.17968648215240235
0.10165187978856083
0.12766341390984137
0.1483301122527766
0.18990105719546235
0.12706954326780295
0.16454278078042406
0.15640675298449835
0.1470235968402922
0.15605043059927537
0.14132243867672378
0.15646614004870218
0.1347304745500979
0.10818445685098288
0.15028988537150312
0.1487458217022034
0.19108879847953908
0.1366308606046207
0.14375730830908107
0.16733397279800433
0.08989324107620111
0.11251971253786297
0.22933406782680998
0.16305810417532807
0.2441214468135653
0.2615812436894934
0.3241752093603374
0.2852766823068241
0.3270257884421215
0.17879567618934478
0.10836261804359437
0.3145545049593158
0.37281321494327957
0.3587978677911742
0.3653304448535962
0.2994108035873374
0.2346789036051553
0.28402955395854357
0.30249893092593694
0.4260834115341212
0.4338631169448238
0.2710831739621071
0.30950660450198964
0.3334395913761359
0.3517901942151215
0.33830933064085056
0.2346789036051553
0.39051056007602303
0.33528059036645474
0.300301609550395
0.2621157272673279
0.559347983607531
0.4921218269287877
1.0
0.7874536972144681
0.8997546356239234
0.8604997861851873
0.9587853774425372
0.8340131555502761
0.7246221832868087
0.4098113559422699
0.4837482508760468
0.5624361109461306
0.4890930866543921
0.5877943873611688
0.47608731959375183
0.4255489279562866
