0.24914934710582748
0.23843126096277545
0.22410800038978762
0.3518480997856168
0.34765830247515117
0.2827651627363088
0.388874215552524
0.4211259111284351
0.35516096277528764
0.3553558370687977
0.35545327421555273
0.3252477587214969
0.3606174429935687
0.4088488306373028
0.3528224712531671
0.33440685051646857
0.3118988696160594
0.2133899142467356
0.1746099298382383
0.18601007600857544
0.24047744104463076
0.2824728512960438
0.2581135646072892
0.27691893393100775
0.3030320892613527
0.2263490547651531
0.21212323133892041
0.21056423699084015
0.19361017345546683
0.20306157669070368
0.3112168095887743
0.2786728025725981
0.2531442701227832
0.49556789124926914
0.3898485870200743
0.2389184466965505
0.2697085850711364
0.225277246150848
0.09237297797700261
0.2587956246345743
0.30020641200545717
0.10387056129409489
0.18883575326447088
0.2561648216721888
0.25304683297602815
0.2963089261352564
0.35759689144416296
0.4294080686026118
0.3816638666926526
0.21650790294289624
0.2452518612356267
0.2514878386279479
0.20861549405573976
0.22946704346131375
0.2462262327031769
0.039172295848762584
0.1710047554083025
0.3650021145975444
0.18308696160592497
0.15463531475345949
0.17207656402260774
0.18971268758526616
0.18435364451374014
0.09120373221594247
0.04102360163710794
0.00010000000000010001
0.17119962970181268
0.21952845449230185
0.28461646852465416
0.16691239524459178
0.1446967257844477
0.14723009160007805
0.20169745663613348
0.21446172286104093
0.12969140518417477
0.13222477099980523
0.13427095108166065
0.0936396608848179
0.16915344961995715
0.2816933541220036
0.19643585071136238
0.17967666146949923
0.18074847008380446
0.13699919119080117
0.11653739037224731
0.11147065874098627
0.10406543558760484
0.09782945819528366
0.11712201325277727
0.12540417072695398
0.13699919119080117
0.23307221789124943
0.25002628142662264
0.24184156109920096
0.17548686415903347
0.15112757747027883
0.19857946793997283
0.14859421165464826
0.10630648996297021
0.08584468914441645
0.0558340479438707
0.011402709023582314
0.06226489962970194
0.08496775482362129
0.12033743909569294
0.1709073182615476
0.17899460144221402
0.05369043071526036
0.11312709023582157
0.1639892808419412
0.08662418631845648
0.09061910933541228
0.1009474468914443
0.14956858312219845
0.19361017345546683
0.29387299746638085
0.241646686805691
0.21134373416488017
0.16447646657571635
0.14411210290391752
0.1264759793412591
0.19935896511401296
0.19195374196063164
0.17616892418631858
0.18113821867082458
0.22488749756382787
0.35486865133502254
0.21231810563243037
0.15083526603001374
0.21183091989865532
0.1557071233677647
0.10630648996297021
0.20725137400116944
0.18279465016565977
0.13768125121808628
0.1228708049113234
0.15025064314948366
0.24534929838238173
0.14323516858312235
0.10123975833170928
0.17129706684856771
0.18883575326447088
0.2044256967452739
0.14518391151822263
0.17548686415903347
0.2282977977002535
0.14479416293120262
0.15697380627557989
0.2561648216721888
0.21290272851296055
0.20803087117520958
0.3629559345156892
0.31608866692652515
0.27360607094133715
0.2552878873513936
0.28724727148703977
0.3405453907620346
0.28958576300916017
0.30079103488598724
0.37513557786006646
0.3350889105437538
0.3169656012473202
0.3358684077177938
0.2717547651529918
0.2130976028064706
0.2562622588189438
0.27331375950107195
0.2976730461898266
0.16350209510816616
0.17597404989280852
0.3222272071720913
0.4568853439875269
0.5029731144026506
0.27458044240888735
0.29124219450399547
0.30683213798479836
0.3487301110894565
0.36013025725979353
0.3753304521535763
0.3400582050282597
0.3610071915805888
0.4596135840966673
0.3830279867472228
0.3427864451374003
0.3350889105437538
0.31111937244201915
0.2884165172480999
0.3709457805496006
0.3746483921262913
0.3726996491911909
0.40037179886961627
0.37649969791463667
0.2714624537127267
0.4512339894757358
0.5366863671798869
0.4392492204248686
0.3982281816410058
0.3590584486454884
0.3085860066263887
0.3033244007016177
0.299719226271682
0.21494890859481597
0.22927216916780369
0.3540891541609823
0.30683213798479836
0.2893908887156501
0.37786381796920687
0.34882754823621154
0.320863087117521
0.2429133697135063
0.2568468816994739
0.29026782303644527
0.19507173065679217
0.20588725394659924
0.33167861040732816
0.24963653283960252
0.21163604560514537
0.28753958292730475
0.26240079906450997
0.23774920093549023
0.3802023094913274
0.3159912297797701
0.18464595595400513
0.13621969401676104
0.15288144611186916
0.2594776846618594
0.29611405184174644
0.31238605534983444
0.26493416488014043
0.2737035080880921
0.2824728512960438
0.22888242058078356
0.2442774897680765
0.27896511401286306
0.2688316507503412
0.27000089651140136
0.2843241570843892
0.2862729000194896
0.28062154550769847
0.19195374196063164
0.18766650750341074
0.18328183589943492
0.11137322159423135
0.13787612551159634
0.19624097641785243
0.23248759501071925
0.2167027772364063
0.11994769050867282
0.24632366984993193
0.3119963067628144
0.23482608653283965
0.17051756967452747
0.1049423699084
0.1914665562268565
0.2034513252777237
0.21231810563243037
0.20637443968037428
0.20958986552328995
0.22810292340674343
0.1971179107386476
0.18649726174235048
0.29260631455856567
0.29211912882479063
0.29153450594426045
0.41664380237770415
0.3877049697914636
0.3132629896706297
0.21816433443773153
0.18766650750341074
0.17519455271876838
0.18727675891639073
0.1980922822061978
0.2564571331124538
0.18669213603586055
0.11371171311635175
0.1052346813486651
0.07210605145195881
0.010623211849542069
0.22946704346131375
0.26425210485285533
0.14723009160007805
0.10562442993568522
0.08428569479633607
0.13563507113623086
0.12024000194893802
0.10396799844084981
0.19390248489573203
0.22050282595985204
0.2552878873513936
0.18659469888910551
0.18172284155135465
0.2456416098226467
0.3609097544338338
0.41693611381796924
0.19399992204248695
0.34921729682323144
0.5159322549210681
0.1596046092379655
0.17207656402260774
0.2648367277333854
0.5862818748781915
0.6140514617033719
0.3237862015201717
0.36324824595595406
0.37649969791463667
0.17412274410446316
0.1590199863574353
0.1427479828493473
0.17334324693042302
0.20218464236990852
0.25343658156304827
0.2051077567725591
0.17119962970181268
0.09130116936269739
0.15025064314948366
0.18162540440459962
0.08379850906256103
0.09899870395634391
0.11575789319820706
0.19029731046579623
0.17168681543558773
0.11799894757357243
0.1649636523094914
0.17451249269148328
0.15161476320405398
0.2008205223153383
0.23999025531085572
0.42482852270512583
0.3534070941336973
0.27360607094133715
0.3776689436756968
0.33041192749951276
0.21017448840382003
0.21602071720912108
0.23316965503800446
0.3005961605924772
0.23083116351588395
0.1805535957902944
0.035469684272071755
0.10240900409276954
0.17831254141492903
0.18269721301890474
0.21582584291561113
0.283447222763594
0.06937781134281829
0.01948999220424885
0.11049628727343608
0.12306567920483358
0.13027602806470484
0.10737829857727554
0.1288144708633795
0.15346606899239923
0.11780407328006248
0.09354222373806287
0.05125450204638482
0.18172284155135465
0.19887177938023792
0.07717278308321984
0.06567519976612757
0.05768535373221606
0.04657751900214402
0.07132655427791867
0.10016794971740417
0.21943101734554682
0.20121027090235832
0.13076321379847988
0.11263990450204653
0.1450864743714677
0.3278785616838824
0.3773766322354317
0.40758214772948764
0.3328478561683885
0.2697085850711364
0.1954614792438122
0.22079513740011703
0.21124629701812525
0.18337927304618995
0.21894383161177167
0.21153860845839034
0.11624507893198222
0.1706150068212825
0.2044256967452739
0.11634251607873725
0.11176297018125136
0.10620905281621529
0.15590199766127477
0.13232220814656026
0.06596751120639255
0.08759855778600667
0.09607558955369333
0.10065513545117921
0.11653739037224731
0.12696316507503413
0.10981422724615097
0.10455262132137999
0.09821920678230378
0.15112757747027883
0.1486916488014034
0.12696316507503413
0.1420659228220621
0.14265054570259217
0.11829125901383764
0.09500378093938822
0.083701071915806
0.3019602806470475
0.2176771487039565
0.11429633599688183
0.07921896316507515
0.08077795751315542
0.09558840381991829
0.11624507893198222
0.12121437341648822
0.10806035860456065
0.1328093938803353
0.15054295458974865
0.17733816994737883
0.1775330442408889
0.17772791853439884
0.14060436562073675
0.109521915805886
0.050085256285324564
0.003997485870200879
0.002828240109140623
0.0876959949327617
0.11039885012668116
0.1248195478464238
0.01500788345351789
0.06538288832586259
0.12891190801013452
0.1769484213603587
0.20130770804911335
0.24174412395244604
0.08350619762229594
0.034982498538296825
0.09441915805885803
0.07200861430520389
0.056710982264665866
0.12394261352562863
0.08545494055739633
0.03634661859286703
0.09890126680958888
0.11478352173065687
0.12998371662443986
0.23024654063535388
0.24612879555642186
0.12024000194893802
0.12735291366205437
0.13271195673358027
0.15609687195478472
0.1553173747807446
0.1543430033131944
0.10143463262521935
0.07834202884427999
0.04258259598518821
0.24817497563827728
0.3145296725784448
0.23755432664198028
0.23901588384330552
0.24018512960436578
0.2503185928668876
0.25304683297602815
0.2565545702592088
0.1175117618397975
0.12101949912297805
0.18474339310076016
0.11039885012668116
0.09666021243422351
0.18864087897096093
0.17480480413174826
0.16437902942896143
0.09139860650945242
0.08594212629117148
0.07853690313779005
0.1656457123367766
0.17168681543558773
0.15073782888325882
0.15794817774313008
0.1593122977977003
0.15054295458974865
0.1450864743714677
0.14099411420775687
0.20627700253361925
0.17977409861625426
0.14391722861040745
0.04872113623075436
0.09451659520561306
0.252267335801988
0.24642110699668696
0.23336452933151441
0.16681495809783675
0.17685098421360368
0.1845485188072502
0.12404005067238366
0.16320978366790106
0.21728740011693637
0.2604520561294096
0.26795471642954605
0.2675649678425259
0.19429223348275204
0.1670098323913468
0.18669213603586055
0.19078449619957127
0.19399992204248695
0.15687636912882497
0.18659469888910551
0.22820036055349846
0.48923447671019304
0.4900139738842333
0.36889960046774517
0.21855408302475166
0.17110219255505754
0.27526250243617234
0.3606174429935687
0.4276541999610215
0.20062564802182814
0.25538532449814855
0.33596584486454883
0.3753304521535763
0.37513557786006646
0.35525839992204267
0.23414402650555466
0.1997487137010331
0.31745278698109547
0.330899113233288
0.34161719937633994
0.5553942993568506
0.49430120834145397
0.4029051646852466
0.5305478269343209
0.5510096277528749
0.541460787370883
0.5310350126680958
0.5241169752484898
0.5073577860066265
0.5171989378288833
0.5252862210095499
0.509696277528747
0.4841677450789321
0.44772625219255513
0.49391145975443407
0.452598109530306
0.31375017540440475
0.3557455856558176
0.3842946696550382
0.4563007211069967
0.4661418729292537
0.47422915610992034
0.5642610797115573
0.49459351978171906
0.3898485870200743
0.3593507600857533
0.31238605534983444
0.1975076593256676
0.26561622490742565
0.29884229195088685
0.3186220327421556
0.44412107776261944
0.5480865133502242
0.410212950691873
0.4655572500487235
0.552763496394465
0.45055192944845057
0.4549366010524265
0.5269426525043852
0.510475774702787
0.5092090917949719
0.5570507308516861
0.5779022802572598
0.5954409666731633
0.5391222958487627
0.5419479731046581
0.5485736990839993
0.33265298187487824
0.3534070941336973
0.5445787760670435
0.509793714675502
0.5093065289417267
0.6334414539076205
0.6981397193529526
0.7532891444162932
0.9010038588969014
0.8020077177938023
0.6438672286104075
0.6038205612940948
0.6082052328980707
0.6464005944260378
0.5064808516858312
0.4290183200155915
0.3315811732605731
0.4029051646852466
0.46438800428766336
0.5555891736503606
0.551983999220425
0.541363350224128
0.6318824595595403
0.6384107483921264
0.5986563925160788
0.6026513155330346
0.6247695478464237
0.7963563632820112
0.8529673455466771
0.9025628532449816
0.788853702981875
0.6785548528551941
0.5126193919313975
0.6018718183589944
0.6143437731436368
0.5918357922432274
0.6149283960241669
0.6295439680374197
0.6595546092379654
0.6451339115182229
0.6323696452933152
0.5238246638082247
0.5591943480802963
0.6229182420580783
0.6921960534008964
0.7787202397193531
1.0
0.8648546774507893
0.7822279770025335
0.6334414539076205
0.6201900019489379
0.6082052328980707
0.6981397193529526
0.6857652017150653
0.6589699863574354
0.6250618592866888
0.6076206100175405
0.5770253459364647
0.5621174624829468
0.5433120931592283
0.436033794581953
0.49917306567920483
0.5565635451179107
0.6669598323913468
0.6510775774702788
0.6160976417852273
0.620579750535958
0.6080103586045607
0.5639687682712922
0.6696880725004872
0.6977499707659327
0.44655700643149476
0.4503570551549405
0.4539622295848762
0.4935217111674137
0.47374197037614496
0.4373979146365232
0.5257734067433251
0.5496455076983044
0.5578302280257261
0.5895947378678621
0.5895947378678621
0.42229515688949526
0.5685483141687782
0.7051551939193141
0.4751060904307154
0.4549366010524265
0.4433415805885794
0.4180079224322746
0.4364235431689729
0.5193425550574937
0.4064129019684273
0.35857126291171326
0.47500865328396036
0.46701880725004896
0.45941870980315747
0.5216810465796142
0.5105732118495421
0.48494724225297214
0.4088488306373028
0.3808843695186124
0.3514583511985969
0.42463364841161577
0.45932127265640244
0.41391556226856374
0.42502339699863567
0.4356440459949329
0.33128886182030814
0.3442480023387253
0.37844844084973706
0.3530173455466772
0.34093513934905495
0.32174002143831626
0.267759842136036
0.23482608653283965
0.1881536932371859
0.28861139154161
0.3861459754433836
0.3086834437731437
0.29513968037419624
0.2807189826544534
0.19429223348275204
0.17275862404989295
0.1769484213603587
0.3053705807834731
0.37075090625609053
0.3149194211654649
0.27730868251802787
0.24018512960436578
0.2853959656986943
0.24632366984993193
0.1710047554083025
0.32203233287858124
0.34317619372442043
0.2728265737672969
0.26395979341259024
0.2552878873513936
0.2074462482946795
0.2644469791463653
0.3212528357045412
0.25596994737867873
0.23414402650555466
0.20403594815825388
0.24106206392516094
0.2346312122393297
0.1729534983434029
0.16886113817969217
0.17334324693042302
0.26425210485285533
0.2614264275969598
0.2586007503410642
0.24145181251218095
0.21991820307932186
0.18298952445916994
0.27165732800623676
0.26766240498928096
0.15911742350419034
0.2313183492496591
0.26659059637497584
0.18376902163320996
0.20968730267004498
0.236287643734165
0.24807753849152225
0.22693367764568317
0.18562032742155532
0.2953345546677062
0.3082936951861237
0.2382363866692654
0.29221656597154566
0.3308016760865329
0.4439262034691094
0.4055359676476322
0.3656841746248296
0.3012782206197624
0.3520429740791269
0.4585417754823624
0.3706534691093355
0.3390838335607096
0.3149194211654649
0.20832318261547467
0.15453787760670457
0.2903652601832003
0.2877344572208147
0.2850062171116742
0.1729534983434029
0.1583379263301501
0.15015320600272863
0.2900729487429352
0.2760419996102125
0.05359299356850533
0.05388530500877031
0.06421364256480233
0.2356055837068799
0.15444044045994942
0.06791625414149294
0.2346312122393297
0.21114885987137022
0.13456326252192563
0.24544673552913676
0.2747753167023973
0.2578212531670241
0.42034641395439487
0.5165168778015983
0.48923447671019304
0.5651380140323525
0.646985217306568
0.28851395439485494
0.22479006041707283
0.16973807250048734
0.151712200350809
0.15375838043266432
0.18532801598129034
0.14528134866497766
0.12140924770999817
0.13290683102709044
0.24379030403430135
0.36519698889105445
0.24086718963165077
0.19136911908010146
0.1181938218670826
0.16311234652114603
0.1752919898655234
0.16749701812512197
0.19731278503215754
0.2114411713116352
0.12452723640615881
0.1682765152991621
0.2167027772364063
0.23375427791853454
0.25343658156304827
0.2897806373026701
0.25304683297602815
0.24203643539271114
0.24476467550185155
0.32476057298772176
0.37016628337556057
0.26795471642954605
0.21300016565971558
0.15132245176378878
0.26171873903722487
0.23570302085363481
0.15658405768855987
0.2531442701227832
0.2659085363476906
0.18337927304618995
0.29816023192360175
0.3652944260378095
0.21962589163905688
0.2320004092769441
0.2462262327031769
0.16437902942896143
0.15093270317676877
0.14265054570259217
0.24018512960436578
0.28188822841551364
0.3252477587214969
0.21222066848567545
0.14479416293120262
0.28948832586240514
0.24973396998635755
0.20384107386474382
0.13836331124537138
0.16447646657571635
0.236677392321185
0.2514878386279479
0.24242618397973115
0.17704585850711374
0.21543609432859112
0.23609276944065505
0.10387056129409489
0.14956858312219845
0.20296413954394865
0.09588071526018338
0.13748637692457621
0.2557750730851688
0.21446172286104093
0.18074847008380446
0.08681906061196665
0.19409735918924198
0.2647392905866305
0.24963653283960252
0.22936960631455872
0.2054975053595791
0.21845664587799662
0.2456416098226467
0.30147309491327234
0.16545083804326655
0.13962999415318655
0.24447236406158657
0.22011307737283192
0.20306157669070368
0.17519455271876838
0.17831254141492903
0.18211259013837477
0.20530263106606905
0.19224605340089662
0.1563891833950498
0.23122091210290407
0.23414402650555466
0.11653739037224731
0.1231631163515885
0.13027602806470484
0.2478826641980122
0.21202579419216538
0.16837395244591713
0.09968076398362913
0.10172694406548444
0.12774266224907438
0.10932704151237593
0.10903473007211084
0.14079923991424692
0.09013192360163724
0.0551519879165856
0.05271605924771017
0.06421364256480233
0.07843946599103502
0.10864498148509072
0.15824048918339517
0.2618161761839799
0.16243028649386104
0.14352748002338733
0.23550814656012486
0.2582110017540441
0.27360607094133715
0.24671341843695194
0.29289862599883065
0.3506788540245569
0.25899049892808435
0.28383697135061403
0.37250477489768086
0.3659764860650945
0.33859664782693444
0.20403594815825388
0.2037436367179889
0.2024769538101735
0.12335799064509856
0.1977999707659327
0.29211912882479063
0.12355286493860862
0.13397863964139556
0.21865152017150669
0.22810292340674343
0.2220618203079323
0.1692508867667123
0.2562622588189438
0.3179399727148705
0.22576443188462303
0.23258503215747428
0.24135437536542592
0.27467787955564227
0.20968730267004498
0.04102360163710794
0.16545083804326655
0.23755432664198028
0.3749407035665564
0.32037590138374594
0.2808164198012084
0.33031449035275784
0.3004012862989671
0.26132899045020475
0.2448621126486067
0.28188822841551364
0.37844844084973706
0.24174412395244604
0.20978473981680001
0.33557609627752893
0.29260631455856567
0.26093924186318473
0.2924114402650557
0.2724368251802769
0.24612879555642186
0.21826177158448656
0.1901998733190412
0.13173758526603008
0.10815779575131557
0.12589135646072902
0.28753958292730475
0.19935896511401296
0.13329657961411046
0.23735945234847022
0.16837395244591713
0.07610097446891462
0.55130193919314
0.598364081075814
0.5162245663613332
0.3982281816410058
0.33996076788150464
0.2751650652894173
0.236677392321185
0.20754368544143453
0.17451249269148328
0.32875549600467746
0.5375633015006822
0.4327209315922822
0.34064282790878986
0.15112757747027883
0.13466069966868066
0.16847138959267216
0.4244387741181057
0.2884165172480999
0.18376902163320996
0.3908229584876244
0.3597405086727734
0.3152117326057301
0.2005282108750731
0.26337517053206005
0.4797830734749562
0.23014910348859885
0.13222477099980523
0.1719791268758527
0.21358478854024576
0.24593392126291191
0.2492467842525825
0.18571776456831035
0.09724483531475359
0.1573635548626
0.19156399337361152
0.2531442701227832
0.14956858312219845
0.12043487624244797
0.2193335801987918
0.1357325082829859
0.06967012278308338
0.17733816994737883
0.16389184369518628
0.14284541999610223
0.3647098031572795
0.3969614987331904
